1 3 8 22 32
9 19 22 24 26
3 9 11 27 31
1 25 31 36 37
1 8 14 16 39
3 19 21 27 29
5 6 18 21 28
2 11 21 23 33
19 23 24 29 30
5 9 14 17 36
9 12 16 27 38
8 25 28 30 37
2 22 28 30 37
1 3 14 24 31
8 11 16 33 38
9 18 28 35 39
7 17 31 32 34
2 18 21 25 35
9 12 27 32 34
2 4 5 27 38
13 16 19 22 34
10 23 24 27 31
4 16 18 37 38
3 19 25 31 32
4 19 26 31 32
1 2 6 28 36
8 9 18 19 21
1 5 24 31 36
11 18 34 37 38
1 5 8 10 31
5 9 10 21 37
7 20 21 29 34
14 19 26 30 33
2 4 9 11 23
4 5 14 25 29
13 14 16 18 38
5 9 12 30 32
3 24 25 33 39
13 15 23 26 28
15 19 34 36 37
1 4 9 11 30
3 24 25 32 36
4 20 22 29 30
2 12 18 20 28
11 12 26 27 34
15 21 23 24 36
7 16 23 25 38
10 14 20 25 35
10 17 21 22 29
4 9 11 16 28
15 18 19 28 32
7 13 27 31 38
13 19 21 33 38
10 12 22 28 30
15 18 34 38 39
1 5 13 29 34
1 3 6 11 21
13 23 24 34 38
7 14 20 24 28
7 8 14 16 25
8 10 13 24 34
17 22 31 33 36
18 20 21 29 39
10 25 32 35 38
10 11 22 26 28
3 12 15 17 38
2 23 26 34 36
1 12 14 35 38
1 7 22 35 39
4 7 12 22 25
1 10 21 28 35
9 10 25 29 33
14 16 24 33 39
7 13 16 30 35
18 25 30 32 37
3 14 15 19 35
5 9 16 21 26
2 3 12 31 35
16 18 22 36 38
1 9 16 17 29
11 12 19 28 37
4 14 22 23 27
20 21 23 24 35
15 17 21 25 32
4 6 10 13 22
3 14 17 19 29
6 17 25 31 35
9 14 22 27 33
13 16 18 27 28
16 29 36 38 39
20 23 26 28 36
11 13 28 35 36
7 8 11 31 34
6 7 27 33 39
9 27 32 34 39
5 16 26 30 38
2 9 19 21 31
4 17 24 34 35
6 8 26 33 35
2 3 21 24 33
1 13 20 30 36
12 13 24 28 35
7 16 20 31 39
20 27 28 29 34
16 19 20 27 30
11 29 30 37 38
11 15 29 31 32
2 13 20 28 33
5 9 11 20 22
9 19 32 33 34
6 12 14 20 31
2 4 5 13 32
12 14 28 33 38
6 25 29 31 36
9 11 18 19 38
2 5 6 14 36
8 24 27 34 36
11 14 21 24 25
9 12 18 26 37
10 13 17 24 31
1 4 31 35 39
11 19 22 23 33
1 9 21 29 30
6 8 13 29 32
2 20 31 32 38
4 23 30 33 36
2 5 7 10 36
4 6 8 15 31
6 7 11 23 26
4 17 18 24 31
10 12 31 33 38
7 14 20 22 30
9 12 19 29 35
4 20 21 22 31
5 12 14 22 33
2 3 9 26 39
6 11 24 27 35
2 4 8 13 34
4 20 23 25 35
1 11 13 16 39
11 23 37 38 39
1 5 18 19 34
3 6 7 13 21
5 12 26 31 37
9 11 20 32 37
18 19 26 34 37
14 16 17 28 35
2 9 11 18 38
6 7 11 15 31
22 24 25 29 36
15 24 32 33 39
7 19 29 33 35
6 16 25 27 28
3 10 11 23 27
5 12 14 21 37
14 32 33 35 39
14 15 17 35 36
8 10 12 29 30
12 17 18 29 35
15 16 28 29 37
2 11 16 25 31
6 10 20 28 32
10 18 21 26 29
1 5 17 24 25
4 7 11 18 35
1 8 11 26 31
3 14 23 38 39
5 6 23 35 37
14 21 22 31 33
8 25 32 36 38
16 17 18 22 33
3 11 24 29 35
19 21 22 25 34
13 16 24 27 32
5 16 17 20 23
26 27 33 36 39
8 12 23 29 38
3 9 14 23 27
21 23 25 29 38
4 13 17 24 27
14 24 26 28 35
11 13 22 25 28
4 14 20 32 33
9 18 23 31 35
8 9 18 29 35
9 27 32 34 39
11 16 23 27 34
3 4 10 11 28
8 15 19 23 28
12 17 23 29 37
8 14 28 29 30
1 3 16 26 36
14 21 22 27 32
6 9 14 27 36
22 25 33 35 37
1 4 5 10 38
9 25 31 35 38
8 21 22 28 39
2 4 5 6 25
14 25 28 34 39
4 11 17 37 38
2 3 7 15 29
5 15 29 31 36
3 9 12 25 32
5 8 17 25 33
4 18 24 28 36
2 4 11 20 29
4 9 16 19 33
1 3 4 8 36
9 14 18 22 34
5 15 19 32 39
1 4 6 13 28
10 12 29 34 35
13 26 33 34 36
11 13 22 38 39
2 7 27 28 37
1 5 18 22 38
2 11 13 27 34
2 19 24 27 33
9 11 12 15 34
1 5 7 15 29
2 8 21 26 35
3 16 28 33 38
11 14 24 29 31
10 14 20 22 32
13 16 19 33 37
3 4 13 14 19
5 21 32 33 37
2 4 12 25 27
11 12 27 30 37
3 8 18 20 26
2 20 25 32 39
11 12 13 23 26
19 23 29 31 38
1 12 18 21 25
6 13 20 26 33
8 21 24 30 32
2 14 20 27 29
9 11 23 25 35
13 22 24 34 37
4 11 14 20 37
15 16 26 28 31
10 20 22 23 34
2 3 19 20 24
3 5 10 19 33
1 9 10 14 17
3 20 21 28 29
7 22 29 31 34
5 20 23 34 35
5 6 27 33 35
5 8 22 30 31
7 16 25 31 34
11 31 33 35 39
2 7 28 31 37
9 15 16 19 38
4 5 14 15 37
2 8 10 12 25
4 5 6 8 12
3 15 21 30 38
5 6 25 32 37
3 9 18 19 21
5 16 24 26 30
7 28 34 35 38
8 12 21 33 39
5 6 8 31 36
16 19 21 25 28
1 17 23 24 32
6 15 30 33 35
8 15 31 32 37
17 18 20 22 29
3 7 19 22 29
2 17 24 26 39
3 5 15 18 19
6 13 30 35 39
21 24 31 34 39
5 7 14 15 21
9 11 16 21 38
1 12 21 25 30
2 6 18 31 37
14 15 16 18 38
23 25 27 35 37
20 22 32 36 39
7 11 13 37 38
12 16 26 28 35
15 19 23 24 30
10 20 28 35 39
10 21 29 32 37
2 6 7 17 34
8 12 20 25 35
1 5 7 10 30
3 8 21 33 35
13 22 31 34 35
6 10 13 26 32
4 5 6 12 21
6 7 13 31 34
5 9 15 21 29
1 10 11 24 34
18 19 21 26 30
2 3 19 23 26
5 9 26 29 33
5 12 20 29 39
22 25 31 37 38
1 8 10 15 26
14 19 21 30 33
11 16 19 21 25
5 12 16 27 34
5 13 20 29 35
6 8 11 14 39
3 6 20 21 32
6 10 16 20 23
1 28 32 33 35
3 17 21 27 30
4 9 11 20 34
13 15 25 31 33
9 12 14 31 32
15 26 28 34 36
7 12 30 34 37
14 22 32 35 38
8 18 19 23 24
9 17 25 26 35
6 12 19 30 37
2 10 16 34 35
9 13 18 25 33
1 2 6 25 29
1 6 26 28 29
11 22 29 31 39
1 8 20 29 30
7 9 12 26 39
15 16 21 28 29
6 7 13 15 27
5 17 19 32 36
13 18 24 27 31
19 25 26 32 33
18 22 29 31 37
1 7 17 21 34
5 10 30 31 39
3 11 23 26 32
8 9 28 30 34
7 12 17 26 27
20 21 29 31 39
4 5 7 14 27
2 19 24 25 28
4 11 18 28 38
17 25 28 31 34
5 17 24 34 36
4 6 11 14 22
1 7 19 21 36
11 18 32 36 38
2 3 6 9 23
2 12 15 20 25
8 19 26 33 34
1 3 9 10 36
5 7 13 34 35
4 13 18 30 36
2 5 8 10 27
4 14 22 23 24
1 6 7 14 25
4 12 19 36 37
1 8 16 23 25
7 18 21 24 32
18 19 27 32 35
11 13 21 26 39
3 10 21 30 34
7 25 32 37 38
4 8 18 19 37
8 10 15 28 31
1 9 10 36 37
15 16 22 34 37
6 17 22 29 39
1 7 14 23 28
1 3 22 26 32
16 28 35 36 37
15 16 19 29 34
8 13 23 24 27
13 19 23 25 28
19 22 27 29 34
9 27 30 31 33
6 13 14 16 22
1 2 20 27 36
1 6 8 29 38
7 9 16 27 38
1 23 25 29 37
1 4 23 27 33
2 7 20 22 31
1 15 24 34 35
4 15 20 28 36
12 13 16 22 31
6 22 27 36 38
8 9 19 26 30
9 22 27 36 37
1 17 20 35 37
11 23 31 34 39
11 20 27 28 34
5 15 25 35 36
2 14 17 36 37
3 31 35 37 39
8 12 22 26 32
1 3 8 9 29
3 5 11 28 30
3 12 15 23 32
14 21 22 24 25
3 12 15 29 30
8 9 11 22 23
4 13 15 17 18
18 19 32 37 38
3 11 12 13 25
5 14 22 35 36
17 18 27 33 36
8 13 15 18 25
4 24 30 31 33
14 18 23 36 38
2 3 21 23 34
3 5 14 21 25
3 8 16 21 27
11 15 18 33 39
12 18 19 32 34
9 14 17 31 34
5 10 13 18 22
12 25 27 34 35
18 22 24 34 35
21 22 25 28 30
3 5 6 17 27
4 18 32 36 37
2 4 10 20 32
12 17 21 30 34
7 10 21 29 36
27 29 35 37 39
7 16 17 26 28
12 14 18 25 31
1 5 7 13 24
10 15 22 26 35
12 21 23 28 39
3 9 15 16 37
11 14 16 23 30
10 27 29 36 38
6 9 16 27 30
17 20 31 35 38
5 12 19 25 30
3 6 7 27 34
6 11 15 22 33
1 18 32 34 37
2 5 21 25 29
23 28 35 37 39
8 14 15 17 37
8 15 17 26 28
5 18 21 32 35
13 19 27 36 37
9 10 14 20 39
5 12 17 23 29
14 15 24 31 35
2 8 34 36 39
2 11 14 22 29
12 13 17 27 35
1 7 13 32 33
4 19 22 24 33
4 5 10 16 32
6 15 22 25 30
2 11 14 15 17
10 23 25 29 30
4 24 27 33 36
15 20 26 30 38
4 10 12 19 38
5 6 26 29 38
25 27 28 34 39
6 10 11 21 39
4 11 21 25 34
7 11 31 33 39
1 2 3 7 16
1 15 22 30 35
2 9 25 26 34
6 10 15 22 35
2 3 18 32 37
5 10 15 17 31
19 20 34 35 38
5 8 10 25 39
7 27 29 32 39
5 8 10 27 29
4 7 20 34 37
1 2 3 8 27
3 14 21 27 32
11 13 18 22 36
11 17 20 30 39
2 10 11 14 22
13 21 24 34 36
9 16 17 22 24
4 5 7 26 33
2 5 32 34 36
2 9 17 19 29
2 10 12 14 19
3 7 9 20 28
12 16 22 31 32
2 4 11 13 34
9 13 21 27 38
1 7 14 15 31
7 15 23 32 38
1 7 10 35 39
7 8 13 22 32
12 13 20 22 24
5 14 32 37 39
2 14 16 28 37
2 9 13 17 36
2 6 26 30 36
2 7 14 33 37
11 19 27 38 39
2 10 22 28 32
1 23 28 31 33
5 15 25 30 34
3 10 13 15 35
7 8 10 25 28
2 15 23 24 38
14 20 29 31 34
3 12 23 25 29
15 16 25 28 32
3 10 20 26 35
7 8 10 17 21
8 13 20 21 25
5 8 11 31 39
8 19 20 28 31
2 11 32 37 38
12 24 27 29 33
5 18 21 24 35
8 14 16 21 28
4 6 16 26 38
5 9 10 22 33
8 13 27 32 38
5 16 22 26 27
23 24 25 28 34
2 3 17 22 30
2 3 7 20 21
11 26 27 29 37
3 5 15 27 34
7 16 27 32 34
7 10 25 26 28
11 14 27 29 38
3 17 18 20 29
1 7 12 24 32
17 27 29 32 38
4 12 21 26 33
10 16 21 28 36
14 29 30 34 37
8 11 13 22 34
5 17 23 25 38
6 26 31 32 35
5 7 13 22 36
3 8 12 30 33
5 9 15 22 32
4 11 15 20 33
9 19 28 31 37
11 20 21 26 37
3 4 7 30 39
5 19 22 27 35
2 9 10 16 27
4 7 13 16 32
1 11 28 31 37
7 19 24 26 36
3 15 20 26 29
6 16 17 21 27
5 7 14 23 32
2 8 15 20 39
10 25 30 34 38
1 17 22 25 27
14 30 31 34 36
11 13 26 30 35
6 7 9 25 27
11 13 18 20 38
2 14 15 25 29
3 7 13 35 36
14 17 30 36 39
1 13 14 16 38
12 17 22 25 34
5 16 17 24 25
3 9 16 24 36
3 22 23 34 39
9 13 16 22 33
9 13 19 27 35
5 15 25 30 39
14 27 29 36 38
2 4 6 16 38
1 3 16 18 22
1 14 24 30 39
2 19 31 34 35
2 6 9 10 18
7 11 26 29 32
7 16 23 24 30
4 21 36 37 38
4 5 7 38 39
15 17 18 19 28
2 3 8 13 15
13 14 28 31 33
4 7 11 24 28
5 10 12 24 27
2 20 27 31 32
1 7 13 14 23
6 8 9 13 17
4 5 32 37 38
1 2 4 6 38
3 13 28 29 32
4 9 17 19 23
12 14 25 30 37
20 21 24 34 38
4 23 32 33 36
1 9 17 30 31
8 24 29 32 33
13 16 25 32 38
3 26 27 30 32
12 15 17 34 37
23 26 32 34 37
8 10 21 27 34
8 13 15 29 34
13 17 21 32 34
4 11 16 33 37
2 21 29 32 33
1 5 23 35 37
2 14 20 21 30
8 16 17 26 37
4 26 29 38 39
11 17 21 26 33
21 26 30 32 39
22 29 34 38 39
1 17 24 25 27
13 15 17 26 33
6 9 10 30 35
8 9 20 25 26
9 10 19 29 37
8 10 20 28 35
5 10 25 33 39
2 15 18 23 39
7 10 11 17 25
1 2 19 36 39
13 19 25 28 33
6 18 25 30 38
18 20 22 28 29
3 8 12 30 39
20 21 25 30 32
1 8 11 19 22
8 11 14 22 37
15 16 22 23 27
2 9 18 27 30
1 8 22 30 34
3 9 12 32 37
6 7 12 17 31
5 17 19 22 38
15 28 34 37 39
10 21 28 29 37
2 5 7 20 29
4 14 15 19 32
3 5 19 27 33
11 18 21 33 38
15 26 28 31 37
1 9 16 23 37
20 28 33 34 36
4 10 27 29 37
11 16 19 23 29
5 9 17 20 21
3 8 13 32 37
9 20 22 23 32
5 16 20 34 35
5 7 14 18 30
1 3 7 16 24
6 19 26 35 39
1 21 25 37 38
8 17 24 27 38
9 24 26 30 35
10 11 14 30 39
18 20 26 28 29
16 18 23 27 38
2 7 17 19 25
8 11 16 32 33
2 18 24 27 34
4 10 19 34 38
5 6 13 29 33
8 10 11 13 32
13 14 25 36 37
2 15 22 38 39
2 8 12 21 30
3 24 26 27 31
4 5 19 38 39
5 6 12 26 36
6 24 31 33 37
7 11 12 33 36
2 5 6 17 22
2 14 17 28 33
1 10 16 25 34
10 11 19 34 38
10 12 19 28 33
4 8 24 31 39
3 22 25 31 33
17 23 28 30 39
1 8 33 36 37
5 8 14 21 39
4 15 26 31 36
3 5 12 17 38
10 20 28 35 37
8 21 26 32 37
7 8 15 27 38
4 20 29 32 39
8 16 19 37 38
26 29 32 35 36
5 19 25 28 30
4 5 18 34 39
10 28 31 32 38
5 19 22 32 37
2 10 19 30 33
2 16 17 20 38
5 9 14 27 31
1 2 10 16 20
11 13 21 23 36
1 3 19 20 30
3 5 15 36 39
3 5 20 22 28
19 22 25 26 29
1 5 17 28 31
2 23 31 36 37
5 14 24 30 34
8 15 23 26 35
5 6 12 26 39
6 25 26 36 39
1 7 12 17 37
13 15 24 27 32
14 18 23 31 39
8 16 31 32 35
15 20 26 35 36
12 14 24 26 38
6 19 21 32 37
6 7 29 32 36
5 6 17 27 31
3 14 20 26 31
9 10 12 23 30
9 13 16 31 33
2 22 28 32 34
2 3 13 18 26
6 10 31 33 36
8 12 13 14 20
5 13 24 28 38
1 20 21 33 34
2 12 15 35 36
3 8 21 24 29
8 16 21 30 35
5 6 15 23 30
1 10 27 34 39
3 5 12 18 21
3 11 16 25 28
13 19 22 34 38
1 9 16 25 26
7 9 12 14 17
3 15 18 26 36
10 13 24 25 30
2 10 19 26 37
3 16 17 37 39
10 25 26 29 37
7 13 14 15 25
7 8 27 35 36
9 15 25 30 38
3 7 9 19 34
2 12 15 22 26
7 16 19 23 28
1 2 3 10 33
9 16 21 27 38
11 13 16 21 37
5 6 25 30 36
6 7 18 28 39
4 5 14 29 39
10 18 28 35 38
9 18 20 22 39
17 18 19 29 37
1 5 8 9 23
2 8 18 20 31
5 8 27 31 39
21 23 26 28 31
6 23 28 37 38
1 8 17 20 34
8 21 22 25 39
3 13 17 29 32
21 23 28 29 35
2 18 29 32 38
1 10 21 30 35
6 8 10 13 16
3 29 35 37 38
6 8 24 26 30
4 5 6 14 19
2 5 11 35 39
15 24 25 33 39
5 6 28 33 38
2 21 29 30 37
11 25 28 30 31
6 9 17 21 30
4 8 9 25 34
24 26 33 36 39
8 28 30 32 37
2 10 21 28 38
29 34 36 37 39
2 13 21 26 38
4 12 20 21 28
4 7 23 33 39
8 19 24 25 37
2 5 8 10 25
1 8 15 16 28
1 9 20 26 34
1 4 13 27 36
12 13 24 26 31
1 3 13 15 28
1 2 12 29 30
13 17 31 33 38
4 12 14 30 36
2 10 16 23 34
5 17 28 35 36
16 18 23 26 30
10 13 19 21 25
8 14 20 21 29
7 8 12 13 26
13 14 17 24 37
10 12 22 23 38
2 4 8 20 31
3 13 18 23 31
3 17 25 29 32
9 12 21 28 38
7 13 16 21 39
1 8 16 31 33
1 2 6 23 37
3 6 9 10 33
5 7 23 33 36
8 13 24 25 36
16 21 33 35 38
7 8 27 29 31
13 30 31 33 38
10 16 24 27 37
1 4 7 14 33
13 23 26 31 33
9 19 20 33 34
1 20 32 33 38
21 22 26 31 32
13 17 21 33 34
1 13 20 24 38
1 7 18 20 26
4 26 29 35 37
5 7 18 27 34
6 16 26 27 32
8 13 15 35 37
18 21 24 27 38
10 18 23 28 32
9 11 19 24 31
4 19 31 37 39
18 34 35 38 39
1 5 8 18 23
2 6 19 21 25
4 7 10 20 35
2 17 23 28 29
12 16 26 37 38
4 11 19 27 31
12 13 29 31 39
1 11 25 28 33
2 3 13 33 35
19 23 24 30 37
6 8 13 16 27
6 16 25 36 39
20 29 30 36 39
15 22 23 29 38
2 25 26 34 36
13 29 32 36 39
19 24 29 31 32
8 13 26 34 35
3 5 9 11 23
5 15 25 29 30
8 20 35 38 39
5 15 23 29 30
4 5 16 21 31
5 11 23 24 38
6 8 11 13 27
4 21 25 26 27
3 21 31 38 39
3 6 24 27 35
15 24 26 29 39
3 8 14 17 18
9 14 27 29 38
3 18 21 31 37
24 25 26 32 33
3 8 21 22 32
16 31 33 37 38
1 9 24 25 38
4 16 17 22 34
6 19 20 31 33
16 18 22 25 28
9 11 36 38 39
1 6 31 34 36
4 5 32 33 37
5 6 11 19 21
1 2 13 16 32
9 12 13 22 37
3 4 26 32 37
1 4 16 20 27
5 11 30 33 36
17 27 29 31 33
26 27 29 35 39
7 12 18 30 37
1 5 14 15 39
3 13 18 23 31
4 5 6 9 24
5 11 37 38 39
4 23 25 26 36
5 12 13 30 38
3 21 33 34 37
5 12 14 15 18
8 10 11 16 32
1 6 24 31 35
1 9 22 32 33
3 14 27 28 31
9 16 25 27 33
7 18 19 23 37
7 15 16 27 35
15 22 25 27 36
16 19 21 34 35
2 7 22 23 37
2 5 12 18 37
4 11 13 27 33
15 20 26 28 38
9 13 18 33 36
4 16 23 28 34
5 17 19 22 39
5 11 24 26 27
12 13 15 24 27
21 22 25 27 32
16 22 28 29 35
4 10 12 21 24
10 11 12 18 20
20 22 27 31 34
17 19 24 27 28
9 15 20 27 28
7 10 22 25 35
2 23 26 34 36
13 23 26 34 38
7 9 17 23 34
2 5 16 20 37
15 22 27 32 36
2 3 6 18 23
1 2 8 17 25
9 15 23 27 30
13 14 23 29 35
13 19 32 36 39
4 12 14 22 28
14 20 24 29 38
4 10 15 28 36
14 20 21 29 35
10 11 14 21 27
6 9 13 18 29
1 15 28 34 37
5 14 30 31 35
2 20 30 33 34
1 4 10 14 23
7 14 15 23 36
5 6 17 20 31
5 13 17 32 36
12 18 21 23 33
4 5 13 18 23
1 3 6 15 25
4 5 12 16 39
1 7 26 27 29
2 6 12 17 37
3 23 25 37 39
5 18 24 34 36
6 8 19 20 35
4 14 30 37 39
7 11 15 21 24
5 7 25 33 39
19 27 28 30 34
12 31 33 35 38
6 25 27 34 38
9 10 12 30 33
1 5 13 19 22
4 14 23 28 31
15 19 21 23 31
10 17 19 33 35
3 12 22 26 38
4 5 18 32 34
6 23 24 31 35
7 12 16 18 32
13 15 24 30 37
3 5 9 22 29
5 6 24 30 32
5 22 30 38 39
5 13 15 17 21
3 19 20 35 39
2 3 6 23 34
6 11 29 30 33
6 9 24 27 30
13 15 34 35 36
5 9 18 21 31
4 7 8 20 33
2 6 15 27 31
1 12 19 25 35
3 8 11 27 33
4 12 15 24 25
10 11 12 15 30
5 20 22 35 38
6 11 17 35 37
8 9 15 20 24
16 22 24 31 35
6 7 19 21 33
1 4 18 20 29
3 8 24 31 34
3 4 7 8 30
2 20 24 26 28
3 6 8 17 37
1 19 25 27 31
2 3 12 23 35
2 13 21 22 38
4 16 20 33 38
5 18 24 28 38
1 3 7 18 32
23 25 33 35 36
2 14 16 26 37
7 8 18 26 30
4 12 13 24 26
3 13 15 19 25
8 11 30 32 38
6 10 23 29 33
6 10 15 20 26
10 11 15 20 39
1 17 22 30 37
6 8 13 20 24
1 8 30 34 37
10 14 22 23 24
9 19 22 27 36
14 21 28 33 39
4 19 25 27 37
29 32 33 36 37
5 12 19 26 30
10 13 23 24 38
2 4 13 27 30
1 13 18 24 34
9 11 21 22 31
4 14 16 28 33
9 15 23 26 32
3 11 17 37 38
5 12 22 35 37
3 21 25 31 33
8 25 35 38 39
1 8 13 21 37
10 11 13 18 19
2 9 14 21 38
3 29 33 35 37
24 27 33 36 37
1 7 18 25 39
6 14 21 22 29
19 25 32 38 39
9 10 16 20 36
9 16 18 20 37
3 4 6 22 32
8 11 32 33 38
1 4 7 28 38
12 13 23 25 39
5 8 26 28 30
6 7 15 18 39
5 8 22 29 37
9 22 30 32 34
2 23 25 34 36
8 24 34 35 36
5 15 16 29 38
2 9 12 13 21
7 18 22 25 30
15 18 21 24 31
3 10 12 18 27
13 21 26 29 32
4 15 22 28 36
4 5 10 23 39
7 12 28 29 30
7 13 20 26 30
9 24 27 34 35
2 4 36 37 38
2 3 12 18 31
5 11 13 17 25
11 25 28 29 34
8 9 10 17 27
5 6 14 29 35
1 9 11 14 22
2 17 19 21 23
5 7 8 18 38
9 11 12 14 34
1 3 10 15 20
1 3 8 31 39
3 13 14 22 34
5 9 19 29 39
3 4 11 37 38
10 11 24 29 30
9 15 19 25 35
1 5 27 34 35
2 13 18 28 34
5 10 30 32 33
25 33 35 38 39
7 10 21 29 32
8 18 23 30 35
23 24 26 30 34
12 15 22 25 34
6 8 14 25 33
10 16 23 29 37
2 16 20 29 39
5 9 10 20 30
7 8 9 12 22
6 8 11 20 30
6 8 18 19 27
2 21 27 33 39
3 14 24 30 37
10 19 28 31 32
13 16 29 38 39
3 4 21 26 31
1 2 12 17 21
3 12 15 16 28
6 8 14 23 30
8 13 15 25 26
6 13 14 27 28
7 8 9 33 35
20 21 26 27 33
3 8 10 15 27
9 17 22 27 36
10 33 34 37 39
2 10 17 19 25
3 12 20 27 37
8 11 12 14 19
3 6 8 9 15
5 10 15 18 38
11 12 26 32 33
13 26 29 32 39
8 15 27 33 39
15 19 23 33 39
2 17 22 24 30
8 18 24 30 33
4 9 11 15 16
11 14 24 27 37
1 16 30 32 37
1 9 26 34 37
5 24 29 30 37
9 16 26 27 29
2 22 23 26 30
5 23 33 37 38
9 14 16 22 35
2 13 23 27 38
7 17 19 26 34
4 6 28 30 37
1 14 16 19 29
4 6 7 20 25
5 28 30 32 36
1 4 10 20 29
14 19 30 37 38
2 6 13 29 34
10 14 21 30 37
5 7 9 10 21
9 17 18 31 38
5 14 26 28 36
1 3 9 20 33
8 14 27 34 35
5 6 9 18 24
14 18 24 27 32
4 7 18 25 38
17 23 25 28 36
4 5 9 14 15
3 19 21 34 37
7 10 21 30 37
4 11 18 22 27
13 14 20 37 38
6 13 24 27 32
1 7 14 17 24
4 6 14 23 29
5 7 8 13 29
16 17 23 35 36
6 9 22 28 29
16 25 26 36 39
9 14 24 27 35
5 7 11 15 34
7 8 14 16 27
14 17 33 36 37
21 24 27 31 33
13 15 30 33 38
9 12 18 21 32
3 6 16 19 26
3 6 13 31 37
5 17 23 26 30
3 7 17 29 35
11 12 14 28 36
4 5 18 35 36
9 11 20 32 37
3 12 16 25 37
1 16 24 35 36
1 7 9 24 33
5 7 25 28 37
2 6 18 24 28
5 10 24 27 29
6 11 17 25 30
8 26 32 34 39
1 2 4 18 35
10 24 29 34 35
1 12 27 35 39
5 16 27 34 35
6 17 19 29 36
1 5 35 37 39
10 14 24 33 38
2 13 18 36 39
4 5 16 32 35
1 13 22 24 34
8 10 32 33 38
6 11 17 26 27
5 6 20 21 38
5 10 16 19 30
6 11 17 29 30
15 17 18 20 29
1 7 12 16 37
3 15 25 27 30
8 15 19 24 27
9 10 21 32 36
2 11 18 20 35
5 10 16 22 30
4 19 29 32 36
15 16 30 33 38
1 7 10 20 21
4 6 15 18 26
4 6 7 22 34
6 20 22 23 25
5 6 11 28 31
12 15 19 25 38
16 22 23 30 35
18 20 28 34 39
12 15 22 24 32
11 25 29 33 39
13 14 17 23 27
20 22 23 34 38
21 22 30 36 38
21 22 24 29 36
9 10 11 19 36
4 11 12 26 32
7 19 23 28 38
2 4 9 12 21
11 17 20 23 37
3 6 19 23 33
15 23 25 36 39
1 8 25 32 39
5 12 16 27 30
13 14 18 25 26
2 9 13 16 18
8 29 30 32 34
1 24 30 32 36
13 26 30 32 37
5 10 13 20 33
4 10 15 31 35
4 12 23 29 34
10 12 33 34 35
10 24 28 34 35
4 6 9 11 19
8 9 18 36 39
3 11 18 22 33
5 9 11 17 26
3 5 15 35 36
11 15 16 32 37
11 12 20 24 28
6 8 14 21 25
2 22 28 34 37
1 5 33 37 38
1 6 14 22 33
2 8 14 15 30
14 21 26 28 36
1 7 9 15 36
10 25 29 33 34
5 13 25 32 35
10 12 15 18 24
10 13 16 25 29
6 15 23 24 35
4 20 28 32 33
1 18 21 23 26
20 28 30 32 37
7 8 17 29 30
9 11 12 29 30
4 19 29 30 32
5 18 21 26 32
9 19 22 31 35
1 12 23 33 34
3 5 8 26 36
7 16 32 35 39
21 29 30 32 33
10 13 20 23 39
5 14 26 32 38
11 13 26 28 37
12 19 22 27 28
19 21 23 26 37
10 12 27 33 34
4 18 19 26 36
5 13 14 17 23
1 7 9 23 30
7 12 15 18 34
3 4 21 30 32
13 18 29 31 36
4 5 19 29 37
5 8 22 32 34
16 20 26 34 37
21 27 31 34 37
1 15 17 27 39
7 8 27 29 30
6 9 26 30 32
1 6 18 23 24
15 20 22 30 38
8 19 30 32 34
1 4 8 14 19
19 20 22 33 34
2 20 22 29 38
2 7 20 31 35
2 4 5 9 32
7 8 11 22 25
17 18 20 26 39
11 16 23 24 32
2 10 26 30 35
24 27 29 31 37
6 9 23 24 36
6 8 17 28 33
13 18 21 28 35
5 17 18 31 33
4 7 13 21 26
1 20 35 37 39
16 17 29 31 34
5 7 28 33 38
3 9 13 15 23
7 9 10 25 26
13 17 30 31 38
9 17 20 23 25
22 23 29 36 38
7 11 19 22 37
18 26 27 32 37
9 16 17 21 27
1 4 5 22 35
12 20 23 28 38
2 10 15 20 29
5 9 15 18 30
8 14 31 32 37
9 15 22 29 38
2 11 33 34 37
6 11 20 28 38
2 28 33 37 38
5 11 13 35 37
2 7 23 33 34
7 10 11 21 38
4 7 16 17 39
4 12 13 18 26
12 20 28 29 36
11 16 17 27 28
2 4 21 37 39
10 11 21 22 28
10 13 18 19 37
4 16 23 35 37
1 7 13 14 16
13 16 22 26 32
18 21 28 30 32
12 18 19 22 30
1 11 12 27 39
18 23 27 32 37
4 8 12 14 16
4 6 19 30 34
10 27 32 34 39
9 13 34 36 38
14 25 32 34 37
7 12 23 25 26
15 22 29 31 39
6 8 12 33 37
2 7 19 26 31
1 6 20 29 35
2 3 10 23 29
19 21 29 37 38
1 22 23 32 39
1 15 16 27 36
6 19 24 29 33
9 19 28 34 36
4 12 16 18 37
8 18 20 37 38
9 11 30 32 39
9 16 31 35 38
2 6 11 30 34
9 15 16 24 28
1 8 22 24 38
2 5 9 23 26
2 14 16 32 33
20 28 29 31 37
2 8 19 31 33
2 5 10 23 38
12 15 23 24 29
5 23 28 33 36
5 6 26 30 33
2 3 5 28 39
7 23 34 37 38
3 14 20 27 34
3 7 8 30 33
5 16 25 28 31
6 10 16 30 34
7 15 18 28 31
4 19 24 28 37
2 4 8 15 16
6 7 13 20 24
13 19 24 30 32
27 28 31 35 38
2 13 14 25 33
7 13 17 26 27
3 14 15 19 34
3 6 11 13 37
4 12 19 25 26
13 20 28 30 35
1 8 12 18 23
4 13 18 24 32
2 13 22 24 35
15 19 23 30 39
3 7 13 21 33
18 20 30 35 37
5 13 29 35 39
7 9 26 28 30
6 17 19 20 27
6 10 25 31 35
5 18 29 31 37
10 11 23 34 39
2 21 24 35 37
1 4 8 20 30
1 8 11 18 32
11 17 24 25 28
8 14 22 30 31
1 6 7 14 19
4 12 13 24 28
4 15 18 21 26
4 7 15 16 22
10 11 22 27 37
1 15 16 31 38
3 5 7 25 36
6 16 19 26 33
8 10 14 18 28
11 15 31 34 37
3 21 24 30 39
5 10 21 28 31
2 11 12 20 24
2 19 21 32 38
1 9 15 20 31
4 15 26 32 35
11 23 29 32 34
1 14 29 33 39
3 4 26 34 35
1 3 15 38 39
4 16 17 35 38
15 19 21 23 27
12 16 26 30 39
1 6 17 20 39
1 13 26 27 35
1 3 7 13 32
5 13 18 31 38
17 19 24 29 32
2 7 9 20 37
2 12 13 28 38
11 27 29 30 34
7 11 13 18 22
17 18 19 27 38
25 28 29 30 36
2 5 11 15 22
8 20 24 29 37
1 11 15 22 23
3 4 5 28 35
7 13 26 29 34
16 21 29 33 39
8 27 32 35 36
8 12 13 20 34
4 10 13 14 15
1 8 23 28 35
2 24 29 32 35
18 23 28 32 37
7 15 34 35 37
1 2 8 12 27
1 11 17 18 38
16 18 23 32 36
8 25 27 31 36
3 12 16 25 27
4 11 13 14 16
4 9 10 33 34
2 3 15 33 38
3 11 15 21 22
5 6 7 21 29
2 9 13 26 27
1 7 13 20 22
5 18 19 27 28
1 5 27 34 36
4 11 21 30 32
1 6 9 36 37
2 12 17 26 30
3 15 27 33 34
2 5 27 29 30
17 22 24 32 33
6 10 16 20 39
2 15 20 25 31
22 26 27 34 36
6 23 25 30 39
10 22 34 36 37
14 15 17 26 34
2 5 13 38 39
8 13 21 22 24
6 16 18 37 38
5 8 9 24 39
1 5 7 18 38
2 22 28 34 36
8 12 16 22 23
15 17 24 38 39
2 3 19 30 35
7 13 14 24 31
2 5 7 15 19
11 14 17 18 36
12 14 15 28 32
19 22 29 34 39
8 13 17 24 29
7 11 16 18 24
9 12 23 27 32
8 15 16 17 36
2 3 6 20 31
1 3 8 13 30
2 6 8 18 19
16 31 32 34 39
8 21 22 29 35
1 2 13 23 31
13 16 23 28 30
13 16 23 25 38
10 11 13 16 39
2 8 12 22 24
2 6 13 19 36
18 27 30 33 37
2 8 16 17 34
4 5 13 19 35
3 15 31 35 37
11 20 25 35 36
17 27 28 30 39
2 7 13 27 37
8 18 19 31 39
4 10 18 29 38
2 18 25 35 37
4 8 16 24 31
2 12 16 19 34
9 19 20 31 39
11 18 21 24 39
8 21 33 34 37
2 4 16 17 22
7 10 15 18 32
5 20 24 33 38
5 7 10 28 38
5 7 26 35 36
7 10 18 28 37
8 10 18 19 22
7 12 21 27 39
15 16 17 21 38
10 17 24 28 39
1 8 20 31 35
15 31 32 34 36
7 14 20 34 37
1 11 19 25 38
3 24 30 32 34
11 14 15 17 18
3 25 28 35 38
4 6 28 34 39
17 18 27 30 36
19 20 26 33 38
9 17 30 31 33
5 7 23 28 34
1 2 11 16 33
7 14 31 34 35
5 6 15 32 34
6 12 24 33 34
3 17 21 29 34
1 10 18 24 32
1 11 12 13 31
4 5 18 30 34
20 28 30 35 38
1 4 10 24 27
7 14 17 28 38
4 17 29 36 39
3 10 14 17 21
4 18 22 35 37
1 7 26 27 36
3 4 5 24 30
15 16 26 29 36
6 26 33 36 38
4 9 10 30 33
13 27 29 30 39
4 17 26 32 35
1 10 20 23 27
4 8 13 26 37
7 17 19 23 27
5 6 20 35 38
8 10 12 13 35
4 13 32 34 39
4 8 21 25 32
17 21 30 37 39
15 18 21 33 38
11 13 23 26 39
10 15 23 30 35
7 13 22 27 29
6 17 22 25 37
10 15 19 28 32
9 22 26 31 37
26 28 31 36 39
14 32 33 35 39
2 10 22 23 24
1 15 26 29 38
5 17 18 35 36
19 24 33 35 36
1 14 15 20 24
4 21 33 34 39
6 10 12 24 29
17 18 30 31 33
15 17 30 31 38
10 18 24 31 37
6 10 11 29 34
3 17 24 27 29
4 6 9 13 26
7 11 13 17 25
1 13 17 27 33
3 14 17 18 39
8 9 24 25 38
8 14 20 38 39
9 13 17 22 38
4 25 30 31 39
2 26 29 31 37
2 4 8 25 38
4 10 12 20 36
7 18 22 31 38
4 8 9 11 19
1 16 20 25 31
18 19 30 34 35
3 4 24 27 38
7 10 28 29 34
5 14 30 36 39
2 9 20 27 31
14 20 27 38 39
2 3 14 25 26
4 8 12 17 28
2 12 22 23 37
2 7 13 15 18
5 12 18 28 31
12 19 29 34 39
12 16 18 33 35
12 18 24 28 29
11 15 26 28 35
3 10 15 21 31
7 19 30 32 37
1 13 15 33 36
5 8 18 19 23
4 13 32 36 38
6 7 11 21 22
9 13 17 32 35
12 13 15 16 24
3 6 30 34 37
8 25 27 33 39
10 13 23 26 34
10 23 30 31 37
5 10 16 19 32
1 8 20 24 28
4 11 15 26 32
14 18 29 31 36
10 13 28 34 37
10 15 16 28 31
5 12 24 25 35
3 5 7 15 21
1 27 32 34 39
9 25 29 33 37
17 19 26 37 38
8 11 16 26 37
2 10 19 23 29
14 20 23 24 34
4 12 13 27 30
3 10 16 17 30
12 18 19 22 28
5 7 9 19 22
21 22 23 30 38
4 14 24 34 38
2 11 19 33 38
9 28 31 32 38
8 14 20 26 32
1 9 11 20 26
3 18 21 24 30
1 2 7 26 33
8 12 22 23 28
6 21 26 28 32
4 12 17 22 32
6 20 21 27 36
4 16 25 26 36
7 11 17 24 26
10 22 34 35 37
8 12 20 23 33
6 9 18 31 35
4 15 16 30 32
3 18 29 32 35
1 7 11 31 34
1 4 20 30 35
11 14 15 16 36
5 8 12 15 26
2 12 26 27 33
10 15 19 26 36
4 9 17 19 36
2 4 6 20 37
3 7 15 19 30
1 3 6 12 17
11 20 26 33 34
4 22 28 30 35
9 33 35 36 39
5 15 31 34 36
6 20 24 28 37
2 12 19 25 36
11 24 33 34 38
1 2 21 28 33
8 14 17 36 39
1 5 16 27 38
2 4 20 35 37
12 14 20 25 27
15 25 29 32 33
16 19 21 25 30
7 17 19 27 39
1 10 26 28 29
13 16 18 30 35
1 16 18 25 35
5 7 25 32 35
16 21 22 25 33
3 12 22 27 37
12 27 29 30 34
3 14 16 17 18
7 30 31 32 36
16 24 29 34 36
7 8 15 33 38
15 20 23 26 33
4 16 22 26 31
2 8 9 29 39
1 2 22 30 34
7 8 14 15 18
4 6 25 27 30
3 28 32 33 34
12 13 18 25 29
9 12 24 29 37
3 14 16 22 39
7 8 9 23 33
2 7 12 21 33
1 8 9 23 33
4 13 23 31 32
11 13 18 23 30
12 18 25 32 34
9 24 31 34 38
1 17 23 26 35
4 16 26 29 32
3 4 24 31 35
1 7 26 34 35
4 23 25 30 39
7 12 31 32 39
2 5 6 12 27
1 11 21 25 36
6 9 16 24 34
11 15 19 33 38
6 7 15 19 31
8 15 21 27 30
15 32 33 36 39
8 9 11 25 32
5 7 23 28 33
2 10 18 23 35
9 24 31 34 35
3 6 16 35 37
1 12 13 21 24
17 21 28 35 36
20 27 33 34 36
22 25 29 30 39
1 5 25 26 35
2 6 8 18 27
4 6 26 34 39
1 7 13 22 29
7 13 23 26 29
10 18 28 32 38
7 15 16 30 34
5 14 21 25 32
12 21 31 35 38
11 12 21 36 38
17 24 27 29 34
22 24 26 33 34
1 2 21 30 37
16 24 26 36 38
5 27 28 29 37
7 15 27 33 35
17 28 30 32 34
3 5 16 21 32
2 5 16 28 36
5 7 9 14 39
1 3 10 18 38
9 18 19 20 25
19 21 30 35 39
6 7 11 31 35
12 14 16 31 35
1 11 14 29 37
8 12 15 18 22
2 8 20 21 33
4 16 21 27 35
3 13 19 20 21
4 8 13 25 28
11 13 20 37 38
9 11 25 26 38
16 20 21 26 37
5 7 24 32 38
2 12 26 37 38
7 8 9 25 37
5 8 12 26 38
23 26 31 37 39
7 12 13 23 35
8 13 28 34 38
2 10 29 31 37
2 10 23 29 30
12 35 36 38 39
9 10 27 28 33
9 23 24 29 31
5 9 18 35 39
17 18 21 26 36
5 8 16 27 37
5 11 30 34 36
3 4 5 6 14
2 5 14 15 25
9 10 14 18 36
2 6 12 15 23
4 10 17 25 38
1 2 4 19 24
2 4 6 24 39
6 10 20 24 25
4 8 14 27 38
7 12 13 24 36
6 8 14 16 32
1 3 12 19 39
4 21 26 33 34
5 9 24 30 32
6 10 12 29 39
1 16 17 29 35
4 11 14 27 32
3 6 13 17 39
8 19 28 30 36
8 13 32 34 39
17 18 28 29 32
2 9 20 25 34
23 29 30 32 38
7 14 15 18 28
11 20 25 30 39
1 4 14 33 37
2 9 10 22 31
1 8 10 15 37
7 18 23 31 39
7 13 20 21 26
5 24 30 31 38
6 13 25 34 37
3 5 11 21 39
11 12 23 26 39
8 16 24 28 39
5 7 27 35 37
4 5 9 24 39
7 9 13 22 38
3 12 24 31 37
17 21 31 34 39
9 13 19 35 39
3 13 15 16 38
1 6 9 34 37
8 11 14 24 36
10 21 30 32 39
3 6 9 16 32
3 9 10 29 36
8 20 27 28 37
7 17 19 20 21
12 23 25 29 33
6 12 15 20 22
16 17 27 30 34
1 3 4 14 17
4 14 27 32 39
21 23 32 33 37
6 12 19 29 37
1 7 16 33 39
5 6 20 33 37
3 22 23 25 28
3 8 20 28 38
2 6 8 37 38
3 16 19 22 31
4 6 10 26 31
8 11 12 16 39
6 8 32 36 37
1 4 14 21 25
7 15 26 28 39
2 6 12 18 22
6 12 16 20 26
8 11 20 28 37
6 11 21 27 31
8 12 15 30 36
5 11 35 38 39
20 25 29 30 31
10 14 21 28 29
11 21 28 35 36
15 20 24 35 37
3 12 16 18 37
4 8 19 20 35
10 12 17 35 37
3 11 21 31 37
1 8 17 26 29
6 19 21 24 27
2 8 24 29 35
20 21 28 30 33
9 20 24 27 37
2 4 17 21 36
2 15 26 32 39
3 5 11 29 39
14 21 22 34 37
1 7 12 13 38
14 18 22 27 39
1 5 6 9 22
8 15 21 25 39
2 4 13 17 25
1 5 7 8 25
16 18 29 33 39
4 17 28 32 39
5 6 17 26 38
7 11 25 32 34
5 17 24 30 36
22 27 30 34 38
2 19 26 35 36
15 26 31 33 39
3 5 11 30 31
9 17 22 24 29
16 19 27 28 31
2 13 15 36 37
4 18 20 21 29
14 22 23 26 34
2 14 22 32 34
12 22 29 30 39
3 10 14 17 18
7 20 22 28 36
2 5 9 10 19
5 8 22 34 37
3 6 18 25 29
2 9 25 27 31
2 16 22 33 35
3 10 26 38 39
3 6 21 22 28
5 17 19 34 38
3 14 16 21 36
4 5 21 22 28
21 28 30 34 39
11 13 21 24 29
3 15 16 17 26
15 20 25 31 36
3 4 22 25 33
22 28 29 30 33
5 9 22 25 26
2 17 22 30 34
10 14 25 27 38
6 8 25 35 38
3 16 30 34 35
10 17 19 28 39
5 12 24 29 37
2 24 26 28 32
8 15 22 29 38
5 14 20 25 28
1 7 14 16 31
1 7 12 29 36
11 22 24 32 38
13 23 24 30 34
2 6 15 18 28
1 5 16 18 27
3 8 11 18 24
3 8 17 18 30
6 14 27 36 37
12 17 19 23 25
13 22 31 32 38
7 8 12 13 16
6 10 23 32 39
6 12 16 23 39
2 5 29 36 37
1 5 12 21 36
11 14 17 23 31
9 13 19 24 29
3 9 10 21 37
6 9 11 25 30
4 13 17 25 37
1 8 25 29 37
6 12 23 25 34
10 12 26 34 39
6 10 27 33 39
5 10 29 32 35
9 16 17 23 29
3 20 24 26 39
1 6 9 21 22
8 9 16 24 25
1 5 19 22 35
7 11 21 31 38
1 18 28 35 39
3 13 22 35 37
4 17 30 38 39
1 10 18 23 35
13 18 21 32 39
3 17 21 23 26
3 5 14 34 35
12 19 25 32 34
1 4 6 9 14
7 17 28 29 36
11 13 21 37 39
6 16 23 32 33
9 11 21 22 34
5 9 18 22 31
3 8 22 30 34
2 4 11 17 29
23 24 27 35 38
4 21 22 37 39
7 17 26 27 35
16 24 27 30 32
7 16 17 20 26
11 20 22 23 38
1 3 7 28 33
2 29 34 35 39
4 11 17 29 38
4 13 19 22 25
1 11 12 25 39
2 3 30 31 36
6 12 14 16 31
4 15 17 25 39
5 12 23 25 26
3 7 20 24 38
1 18 21 24 30
8 9 10 12 31
3 6 12 13 28
22 27 28 29 35
3 12 15 32 36
12 13 26 34 35
6 10 15 24 27
18 19 30 32 33
11 14 21 26 32
3 13 21 24 30
5 17 18 32 38
1 7 10 13 21
12 19 20 21 34
8 12 20 30 32
6 15 23 26 36
17 19 20 27 35
5 7 12 22 34
7 11 15 25 31
7 10 17 20 21
1 13 14 26 27
1 5 11 14 31
4 10 17 19 24
8 17 18 27 29
9 12 17 21 23
7 9 23 25 39
7 13 19 25 30
9 11 12 25 37
1 19 30 35 38
4 13 19 21 35
14 23 33 36 39
6 22 29 32 35
7 16 25 38 39
10 14 29 34 35
1 6 14 22 30
5 7 21 26 28
1 2 7 21 38
20 23 27 33 39
21 22 26 33 37
7 22 26 29 30
14 18 28 30 34
3 5 16 21 32
1 10 11 26 38
13 15 18 28 38
1 7 8 13 14
3 10 11 22 23
16 27 30 34 39
1 6 19 25 38
12 18 22 27 31
19 29 31 32 37
5 7 20 24 25
1 3 4 15 37
1 7 10 15 20
5 13 21 29 36
1 5 8 35 36
13 19 29 32 36
1 7 12 15 26
7 18 21 24 32
2 6 24 30 34
6 11 17 22 32
3 8 10 22 36
7 12 27 28 33
5 15 28 34 36
5 24 25 27 35
7 11 23 25 36
18 23 26 29 33
5 7 13 18 26
2 19 28 31 35
18 20 30 31 34
2 9 10 18 28
9 16 21 30 38
12 22 27 35 38
8 9 16 19 31
9 14 17 28 34
3 10 17 33 38
23 29 32 34 37
7 14 17 23 32
1 2 13 14 15
8 10 23 27 36
3 15 26 28 35
11 22 29 30 37
1 19 22 24 35
8 10 17 19 31
3 12 28 35 36
2 11 16 23 32
2 4 14 15 30
7 17 19 35 38
1 6 16 23 29
3 14 15 16 27
4 7 12 21 36
2 7 12 28 29
15 29 33 37 38
1 24 27 32 33
4 15 21 22 25
5 6 12 15 20
8 13 16 28 38
8 11 13 18 22
3 17 19 22 25
4 20 23 24 34
9 29 31 32 33
16 26 31 35 39
5 16 24 28 39
7 8 22 29 37
1 14 19 24 38
15 28 33 38 39
13 24 34 38 39
2 6 8 21 26
1 3 9 23 38
1 9 10 21 28
8 13 23 32 33
2 16 20 24 28
1 4 14 21 32
6 18 30 37 39
2 3 7 12 38
9 11 13 24 39
11 16 17 33 38
4 20 23 29 39
5 11 22 29 38
23 30 31 37 39
4 8 25 35 38
8 13 17 24 36
2 5 10 21 34
10 11 22 23 25
11 12 15 21 28
3 4 7 30 36
10 16 19 32 37
12 15 32 35 37
4 10 21 28 32
2 12 15 18 33
7 8 14 21 24
11 15 26 32 36
6 12 31 32 33
2 3 4 20 24
8 9 18 20 22
10 20 22 25 33
2 12 15 23 29
9 17 18 36 39
4 10 24 28 30
1 18 25 31 34
6 7 25 30 34
10 17 20 28 37
12 15 20 23 32
5 6 10 18 32
10 11 19 26 32
3 9 34 38 39
8 10 13 29 36
2 12 33 34 38
9 11 13 23 33
10 16 29 32 34
8 11 23 24 32
30 31 34 35 38
3 13 29 32 34
8 12 13 16 31
8 9 17 28 32
5 15 20 22 29
7 14 24 31 32
1 5 16 20 28
3 8 18 20 29
1 4 30 33 39
5 12 13 27 34
12 15 26 37 38
6 9 21 32 36
17 19 33 35 39
9 12 16 36 38
13 16 24 27 34
13 28 29 32 38
11 13 22 25 33
9 31 35 36 38
6 14 18 34 39
10 12 17 33 39
2 7 17 27 36
1 10 15 21 34
13 15 18 24 27
4 5 13 35 37
1 12 31 32 36
8 26 29 32 35
3 17 20 23 25
4 7 8 13 29
15 17 25 30 32
15 27 35 36 39
8 11 17 33 38
3 14 17 19 35
14 26 31 32 35
14 24 36 38 39
1 11 30 35 37
6 15 24 28 37
15 18 23 31 32
5 7 18 21 28
6 12 13 21 33
12 14 18 33 34
23 26 33 38 39
2 22 24 25 27
1 9 19 23 24
11 18 21 22 30
1 12 13 25 27
2 3 10 17 26
4 11 16 19 28
13 18 20 34 39
13 23 24 28 38
5 8 13 26 38
15 21 23 27 35
16 29 33 34 39
21 28 30 31 38
8 15 23 30 31
1 13 17 30 37
15 16 33 35 39
7 12 17 24 32
4 6 8 35 39
18 22 30 35 39
15 21 23 30 39
6 7 11 32 34
1 7 18 25 34
6 12 15 17 19
14 16 18 26 28
1 3 12 34 38
13 14 19 30 39
16 25 31 37 38
17 19 22 24 34
1 9 18 28 35
5 9 22 34 38
8 9 11 22 27
7 25 29 37 38
7 8 14 32 34
1 8 13 32 36
4 17 19 22 39
6 11 15 24 27
3 16 17 23 33
26 28 31 32 36
3 6 19 27 31
1 11 13 22 24
4 5 22 23 26
6 11 16 22 31
19 29 31 37 38
3 8 10 25 32
6 15 19 28 34
2 4 6 9 36
12 13 27 31 36
5 12 24 37 38
15 16 27 33 34
1 21 27 31 35
4 7 8 19 29
11 14 22 29 34
6 11 17 31 37
4 17 24 33 35
9 20 25 30 38
13 25 27 29 35
13 29 30 31 32
2 5 27 34 39
5 7 19 23 25
1 9 10 23 34
1 4 15 20 37
9 13 28 30 36
6 21 23 27 37
1 9 10 11 19
3 9 16 20 34
8 15 31 32 34
6 7 17 30 35
8 18 22 32 38
14 24 28 29 32
12 13 22 32 36
2 21 28 37 39
1 2 10 21 35
7 10 25 28 37
4 5 9 22 39
2 11 16 20 26
8 17 18 32 33
1 8 13 17 23
6 18 20 24 33
13 14 19 21 27
4 18 33 36 37
1 5 15 21 32
10 29 34 36 37
5 7 18 20 33
7 26 31 32 39
5 15 18 30 37
30 31 35 38 39
24 29 32 34 35
4 6 12 23 31
10 20 26 27 35
3 8 13 31 33
6 29 33 35 38
2 6 8 32 35
1 10 16 20 36
15 19 26 28 38
5 6 9 29 31
5 7 16 23 31
10 18 22 23 30
2 5 14 35 36
8 17 24 31 38
1 12 17 27 34
11 12 14 19 38
1 21 22 27 35
1 4 33 34 37
9 15 16 27 37
5 11 21 29 39
10 12 17 28 39
7 8 11 15 36
6 21 25 33 35
1 8 15 16 39
7 15 18 23 24
5 14 18 37 38
18 21 23 25 29
14 15 20 37 38
9 14 21 33 36
3 8 14 24 32
5 21 23 30 37
8 14 22 32 34
9 19 24 27 36
2 7 9 29 31
6 19 21 36 37
8 21 22 26 37
3 5 14 31 38
8 9 17 26 30
6 8 18 19 38
2 7 11 24 29
8 12 19 31 33
12 19 22 35 37
12 13 16 26 29
7 14 15 16 22
6 8 13 14 38
1 4 7 18 33
2 6 7 16 32
7 21 26 37 39
4 6 20 22 26
11 21 24 28 39
19 21 24 30 31
14 18 28 35 39
1 9 10 15 36
2 8 11 21 37
4 17 27 32 36
2 12 22 35 37
8 9 20 37 38
2 4 7 9 25
1 3 15 17 23
7 22 24 27 28
7 25 27 29 39
1 14 24 27 32
4 10 26 28 39
3 7 10 34 38
28 29 31 32 35
8 12 16 23 26
12 15 33 36 38
11 12 15 20 23
4 5 27 34 39
11 15 23 25 30
7 10 18 27 30
5 10 16 23 31
3 7 9 20 38
4 5 11 22 24
12 13 18 23 34
8 17 23 26 35
19 26 29 34 37
12 13 15 18 38
16 20 25 32 33
1 2 12 23 28
1 10 12 24 31
9 23 24 28 34
8 12 21 23 34
3 21 23 26 39
11 21 29 34 36
7 8 17 19 23
2 15 24 27 28
2 5 14 33 39
4 6 9 27 28
1 11 19 22 23
6 8 16 28 39
7 11 27 29 30
7 11 17 19 31
4 17 26 36 39
14 22 30 34 38
5 14 19 21 39
15 22 23 29 37
6 7 14 17 34
6 9 11 26 33
10 20 29 36 38
2 11 13 15 35
4 20 21 25 35
2 6 8 10 39
1 6 17 37 39
8 19 32 33 37
6 9 10 37 38
8 9 15 30 33
3 6 21 29 31
5 6 8 24 34
10 13 31 33 38
1 19 23 27 35
11 15 16 25 39
2 3 26 32 39
6 16 20 27 36
4 5 10 14 35
3 8 18 24 28
2 10 20 27 35
4 7 10 32 36
1 7 17 23 25
11 13 17 31 39
2 5 13 18 31
2 7 8 13 20
2 7 16 22 23
8 13 15 26 38
4 32 33 34 39
15 27 34 35 36
1 23 29 37 39
4 14 17 32 35
24 27 29 30 37
10 16 19 20 32
16 23 28 29 30
7 14 16 19 33
12 14 15 26 30
4 23 33 37 39
6 20 24 28 32
15 18 28 30 37
1 5 19 24 26
7 11 25 27 33
6 10 30 32 33
4 15 28 36 38
11 17 26 27 36
3 9 11 36 37
1 3 7 27 34
2 7 13 15 19
1 14 18 22 31
7 21 31 35 39
1 18 27 28 31
3 7 13 18 25
10 16 24 30 39
7 24 25 37 39
3 14 20 24 32
1 9 12 19 37
5 11 14 15 36
10 22 23 24 29
9 21 23 34 37
14 16 19 26 33
3 23 25 32 38
4 5 8 23 30
9 31 32 33 37
4 12 13 17 18
5 9 25 31 36
7 8 10 11 17
1 8 24 28 31
5 8 13 26 30
6 14 17 24 37
4 10 14 20 31
2 10 12 16 34
7 24 26 28 35
2 14 17 21 26
10 11 31 35 36
23 24 34 35 37
18 22 23 27 35
1 4 22 26 28
7 12 13 18 29
4 9 18 27 36
4 14 18 31 39
9 16 19 21 39
9 10 22 32 36
2 11 18 22 31
11 12 20 26 36
2 9 11 16 23
2 8 12 14 15
1 8 10 28 31
14 15 17 36 37
8 14 17 31 35
4 7 24 30 32
1 4 9 16 25
5 9 12 17 26
7 11 17 19 23
6 14 18 27 39
6 10 14 24 27
14 19 27 31 37
9 11 16 30 38
7 22 31 34 35
5 15 24 27 34
1 8 9 12 21
3 9 36 37 38
5 10 22 23 24
7 14 18 37 39
5 6 22 23 24
12 15 22 32 35
9 10 17 24 35
3 4 18 20 39
2 10 19 31 39
3 16 27 34 36
6 7 13 14 33
5 12 15 22 31
16 20 22 36 38
4 6 8 17 33
1 16 17 35 39
3 6 16 25 27
2 17 25 30 35
11 18 29 35 37
12 19 28 29 36
9 14 20 31 37
4 5 17 22 34
5 11 17 27 37
3 6 16 31 38
2 12 14 19 38
8 26 29 35 39
21 22 23 30 37
13 21 33 36 37
4 20 23 28 34
10 15 16 17 32
7 27 28 35 36
10 19 21 32 33
4 8 13 26 30
10 12 13 15 38
4 23 29 34 38
13 14 27 29 36
4 7 11 12 31
4 9 21 23 31
4 15 22 27 29
1 8 18 27 36
11 14 26 33 36
12 14 20 22 26
11 13 28 36 39
13 17 20 22 38
3 18 30 33 38
1 4 8 14 19
7 9 10 21 36
4 5 14 27 34
12 21 26 35 39
12 13 14 20 21
3 7 10 22 38
4 14 22 24 32
19 24 26 32 38
2 14 15 18 39
7 25 26 29 37
15 22 23 27 36
4 12 27 35 37
7 10 24 31 35
6 10 23 34 37
2 14 20 35 38
2 3 10 11 31
8 12 26 30 37
2 3 12 14 15
10 11 15 27 31
6 12 22 25 26
8 20 27 29 36
1 15 32 34 37
4 12 26 36 38
6 10 11 14 26
13 18 19 20 36
6 17 18 19 33
7 9 25 35 37
6 10 22 31 35
3 4 5 12 27
3 5 6 13 33
18 19 34 36 37
8 9 12 22 24
3 17 24 29 34
21 31 35 37 39
3 12 19 21 23
23 29 31 32 34
2 3 18 28 34
3 7 15 26 29
3 7 24 31 34
4 14 24 30 31
10 15 17 23 27
2 5 17 33 37
3 4 9 13 18
14 15 23 26 29
8 20 23 35 39
9 15 18 31 34
8 18 26 34 39
21 23 28 30 38
4 7 15 34 37
2 5 11 27 37
4 5 11 30 31
9 10 17 31 39
1 24 25 30 36
9 11 17 28 32
4 8 12 13 37
6 19 22 26 32
17 26 31 37 39
8 15 17 27 36
4 5 16 22 33
4 6 11 18 26
16 18 20 21 35
1 16 22 25 32
9 18 19 25 29
5 11 29 36 37
5 6 20 23 38
22 28 30 37 39
1 6 24 29 39
6 14 25 34 38
10 17 20 22 39
1 7 22 25 35
12 15 18 23 34
9 16 21 25 33
7 14 17 19 37
7 21 28 33 36
9 14 30 35 37
16 20 25 27 32
8 11 12 25 38
8 15 23 25 38
3 5 19 20 27
3 7 23 30 37
16 24 25 28 36
1 8 21 25 38
1 22 30 33 37
3 4 10 20 32
5 16 20 26 30
2 16 18 27 33
10 23 27 28 34
2 10 16 22 35
16 19 24 29 37
3 9 12 13 20
13 18 25 32 36
5 16 18 33 34
4 22 27 30 36
11 18 27 31 33
5 12 26 34 35
13 24 29 32 39
10 13 14 27 30
6 8 21 22 38
7 25 32 36 39
1 2 13 21 29
12 20 22 36 38
9 16 18 24 26
8 18 19 25 36
9 14 23 30 36
1 13 16 23 37
4 7 26 29 35
2 8 29 30 37
7 28 30 35 39
4 11 13 15 33
5 7 21 23 39
3 7 19 25 39
5 19 21 27 35
1 14 19 22 24
3 16 21 32 38
4 13 17 18 26
6 14 16 17 39
20 30 35 36 37
12 20 22 23 24
3 5 12 13 22
17 19 23 31 34
1 8 25 26 37
11 17 23 25 34
1 6 7 11 37
1 18 30 33 39
1 18 24 31 38
4 14 16 22 24
18 19 26 28 30
15 16 30 36 37
6 7 9 14 32
2 18 20 29 39
11 13 32 33 35
7 20 32 33 34
2 30 33 36 38
5 27 28 34 35
10 13 16 20 36
3 12 14 15 32
9 16 17 27 35
13 18 21 31 35
1 4 5 8 25
8 15 28 31 34
4 13 24 29 34
14 31 33 34 39
5 8 13 18 39
10 24 31 35 39
4 5 35 37 39
6 8 14 34 38
8 12 16 20 31
10 12 24 29 39
11 18 19 34 36
4 11 19 22 34
6 7 8 9 24
8 9 26 29 35
1 9 20 22 33
3 23 27 33 37
6 16 17 31 36
23 24 27 28 32
2 11 15 23 36
12 16 25 26 39
3 22 26 27 28
6 17 24 27 37
4 6 21 23 29
7 12 23 31 38
15 22 24 31 32
9 14 17 21 36
12 14 26 30 32
8 14 23 30 35
2 7 8 14 17
1 15 22 27 33
8 16 23 30 38
2 18 32 33 36
5 14 23 26 30
10 12 14 18 28
11 12 21 29 37
3 5 16 18 26
14 29 31 36 38
3 6 27 35 37
3 4 7 24 30
6 16 19 24 32
3 4 33 34 36
1 6 16 31 38
1 11 27 29 34
6 8 14 20 38
13 15 19 21 38
7 11 18 20 38
13 22 32 34 38
1 13 16 21 29
2 8 27 28 30
14 18 22 25 29
10 12 15 18 20
2 4 7 30 38
18 23 24 26 37
7 11 12 17 24
3 9 16 30 38
9 11 20 21 33
10 15 21 32 35
5 9 17 18 33
1 12 16 29 35
9 23 28 33 39
10 13 26 27 29
2 9 20 28 39
12 15 27 29 33
2 4 22 31 34
14 17 20 23 29
7 13 14 16 33
15 16 23 26 37
17 25 26 27 33
1 7 10 37 39
1 16 26 37 38
3 8 11 36 37
4 6 15 24 39
16 17 23 28 32
4 13 25 34 35
3 18 34 37 38
11 15 16 23 34
8 9 23 38 39
5 7 13 26 39
2 15 31 38 39
1 3 15 19 36
15 21 22 28 33
1 14 15 30 33
1 5 14 34 39
7 8 12 14 38
6 19 21 30 34
8 20 21 22 26
23 25 29 34 35
4 9 15 33 37
2 6 14 37 38
1 14 19 37 38
3 16 24 34 39
2 3 16 18 31
2 6 8 19 20
3 5 14 15 26
9 12 15 30 37
1 3 12 23 24
10 17 26 34 36
11 29 32 33 39
5 8 12 21 27
5 22 24 32 36
5 10 11 24 25
12 27 31 34 35
2 13 18 19 24
8 23 24 27 28
10 15 22 29 38
5 28 33 38 39
5 20 21 30 33
2 15 20 24 36
9 15 21 38 39
5 6 8 20 30
9 13 18 19 20
2 14 24 25 34
4 11 22 33 35
6 27 31 34 37
4 8 23 28 32
8 12 24 31 37
2 5 8 24 35
1 4 10 19 39
1 11 17 19 32
7 17 23 25 39
3 5 8 14 38
1 4 5 21 23
5 13 23 25 35
4 16 19 20 31
12 22 23 38 39
12 16 17 21 39
5 10 22 28 30
1 2 3 5 12
5 12 15 21 26
8 17 29 37 38
16 25 30 34 36
12 22 24 31 33
9 11 27 29 31
6 7 16 29 38
3 7 11 21 37
14 19 21 22 35
4 6 10 16 30
5 9 19 23 29
27 31 34 35 36
4 21 23 28 33
1 3 14 20 21
18 23 26 28 29
9 14 17 18 24
6 22 26 29 31
8 12 18 27 32
14 16 24 35 37
5 9 21 31 37
11 14 28 37 38
6 17 23 34 39
3 9 11 15 25
3 6 12 31 32
4 7 14 21 34
14 18 34 35 37
12 13 18 28 39
5 8 24 32 36
4 9 15 22 31
1 13 16 18 32
2 6 14 27 30
2 5 9 12 17
4 11 22 31 35
6 8 11 19 23
9 12 19 33 39
10 19 27 31 36
1 2 10 11 21
3 5 11 16 26
12 13 15 24 26
5 6 16 22 24
8 10 22 28 38
6 14 15 16 31
4 8 10 18 20
3 12 19 23 30
14 21 22 35 38
3 5 7 27 32
4 17 33 37 38
15 17 32 33 34
1 3 5 16 32
8 19 25 26 33
1 16 20 30 32
4 9 16 30 38
1 17 18 25 32
10 14 20 29 33
13 33 34 35 39
2 16 29 35 36
1 11 20 30 37
2 8 10 20 29
3 14 20 26 37
1 3 7 11 31
6 20 30 33 37
7 10 13 16 34
6 13 18 21 37
14 22 26 34 39
1 3 17 29 32
7 13 18 24 33
8 10 14 33 35
12 19 23 29 32
3 4 11 19 39
6 10 11 20 21
3 15 21 34 37
3 22 27 35 37
6 7 18 30 38
2 6 9 17 23
1 3 16 22 33
10 19 30 31 33
13 25 28 35 37
9 12 14 17 39
5 17 27 37 38
2 5 8 23 39
1 19 26 28 32
11 16 18 19 23
7 11 14 20 37
5 7 20 32 34
10 16 17 30 39
1 11 15 17 32
25 35 36 38 39
2 3 8 30 31
4 19 24 28 33
4 10 13 15 36
10 14 16 21 38
2 6 10 21 33
5 9 30 35 37
10 17 21 22 30
1 23 25 27 35
6 10 11 18 32
4 11 15 21 28
9 23 30 36 38
8 14 16 24 28
4 10 22 23 34
6 16 23 24 26
5 13 20 24 37
3 7 19 28 35
9 11 14 16 35
18 20 21 26 34
6 16 23 35 37
3 7 20 30 38
8 22 35 37 39
14 15 20 23 35
8 10 11 12 19
3 7 8 10 12
15 21 22 26 30
2 3 22 25 31
1 6 17 25 38
19 22 32 35 37
5 11 13 17 28
8 15 18 19 32
4 5 17 32 34
8 23 24 25 36
1 7 12 24 28
16 18 28 34 37
6 7 22 29 36
3 6 9 13 32
4 10 14 23 25
13 20 29 30 38
4 9 13 16 19
1 2 15 35 37
14 16 21 36 38
1 7 16 20 30
2 11 14 19 22
1 3 9 31 34
12 15 30 31 37
13 15 16 24 35
5 8 12 32 34
15 18 27 30 33
3 14 33 37 38
6 9 14 33 37
2 12 15 16 26
1 15 20 29 38
10 15 21 29 36
12 23 24 33 38
1 2 15 17 33
2 8 19 20 38
6 7 23 34 35
4 10 14 28 32
12 13 14 19 36
7 12 17 29 37
4 7 10 22 23
9 27 35 37 39
1 8 19 28 36
3 4 7 25 34
19 20 29 31 35
5 10 31 32 34
1 18 22 34 38
5 6 17 27 31
10 15 17 31 39
2 22 23 28 34
17 18 20 33 36
8 28 32 34 38
19 26 28 35 37
11 15 23 25 27
7 12 17 21 27
11 13 19 24 31
5 6 14 27 30
4 8 26 37 38
1 2 15 22 30
13 15 27 29 38
19 20 21 33 39
2 18 26 32 34
8 18 29 30 33
10 14 16 19 27
8 10 18 20 31
4 6 7 15 26
7 22 29 32 38
11 12 14 19 20
4 5 28 30 35
4 16 17 24 36
3 16 17 21 37
1 6 18 30 31
6 20 26 29 39
1 16 23 27 34
2 11 19 25 30
6 19 27 34 35
4 8 9 27 32
18 25 31 37 38
13 14 18 26 34
9 11 20 28 30
4 15 18 21 39
4 18 20 21 33
3 14 16 30 31
6 14 22 23 26
2 11 14 33 37
13 21 23 36 39
6 23 28 29 37
4 5 13 18 28
4 10 11 14 32
19 25 26 31 36
4 7 22 29 39
5 8 29 33 34
3 18 21 24 37
2 21 22 30 33
4 15 20 35 36
4 15 19 33 35
11 25 28 35 37
7 8 19 20 24
5 14 29 33 34
9 26 27 35 37
4 14 19 21 27
5 21 27 36 38
9 10 15 19 30
1 2 6 17 18
11 20 27 28 29
3 21 24 29 32
11 12 19 21 36
1 14 28 38 39
8 17 19 24 27
16 20 28 35 37
3 14 23 25 35
5 16 22 27 30
9 12 14 20 34
2 25 30 32 34
18 24 27 33 38
3 11 15 16 33
6 12 14 31 39
14 16 22 26 27
9 21 31 32 38
14 18 27 32 37
3 24 26 30 37
2 16 28 32 35
4 6 8 9 20
11 18 31 38 39
9 10 13 14 34
8 19 27 30 36
7 9 16 20 25
8 12 16 17 32
9 17 23 25 32
14 20 22 24 37
16 24 29 34 37
3 6 10 23 25
10 24 27 35 37
1 2 14 15 21
1 5 24 37 38
13 17 19 34 35
2 4 8 13 22
2 14 15 20 28
2 8 15 27 36
2 3 19 25 37
11 18 22 27 32
9 14 29 33 35
1 4 9 24 34
5 19 21 27 39
4 8 16 22 26
6 13 20 26 35
1 4 8 13 21
10 16 19 24 31
8 10 20 27 39
1 12 24 25 28
14 23 28 29 32
4 9 19 29 34
22 24 27 31 37
14 16 34 36 38
11 19 24 25 32
1 2 8 9 22
3 8 15 19 28
3 12 26 38 39
7 12 16 22 35
3 14 24 25 33
10 13 31 32 35
16 19 26 32 36
1 4 28 32 39
5 7 13 16 33
4 13 31 32 36
9 23 29 34 39
3 24 31 38 39
15 23 27 28 33
18 26 28 32 33
2 3 6 7 23
2 3 18 22 31
4 22 24 31 36
6 19 32 33 39
3 5 17 37 38
1 15 17 31 34
2 13 16 34 39
8 10 13 24 31
11 13 16 32 39
1 9 23 26 33
4 5 11 18 24
8 11 29 30 39
4 9 22 32 33
1 11 24 25 32
8 14 35 37 38
8 19 32 33 36
1 6 8 15 21
8 12 14 20 23
4 5 7 17 33
2 9 13 19 25
8 12 19 22 33
2 5 12 24 35
5 10 13 14 28
4 7 25 36 38
3 12 16 26 27
1 21 29 30 39
5 6 11 22 23
9 29 32 35 38
6 7 24 30 39
14 18 21 31 35
6 12 26 28 29
6 8 14 22 38
5 7 18 19 31
10 11 27 28 36
14 16 23 30 39
12 13 31 32 34
15 21 31 33 37
2 25 26 36 37
2 10 20 34 37
1 2 15 31 35
2 13 26 30 32
3 19 28 33 36
2 10 14 22 23
16 18 22 23 29
1 22 30 31 33
18 22 29 32 39
5 9 13 19 38
5 17 20 21 25
1 4 17 33 35
7 8 10 12 13
4 11 31 32 38
3 4 12 14 34
15 22 23 25 35
4 13 29 32 36
13 19 22 28 30
2 6 13 20 27
11 14 17 20 39
4 8 9 17 31
15 22 35 36 38
8 17 27 36 37
2 3 13 21 36
7 9 23 37 38
5 15 22 32 33
7 8 9 22 28
12 29 35 36 38
9 12 19 22 24
3 16 30 35 36
9 25 27 36 39
7 11 15 23 39
6 16 18 21 31
2 7 23 32 36
9 11 14 18 38
4 14 20 38 39
1 5 21 31 39
4 12 18 20 27
1 7 26 33 36
4 8 11 20 22
10 20 34 35 38
3 26 35 37 38
4 13 24 28 29
3 11 17 21 27
1 13 18 26 34
1 9 23 35 37
7 17 27 35 38
2 13 14 15 34
8 12 15 18 20
3 10 14 16 37
1 17 19 32 39
1 9 12 15 34
7 16 25 32 34
2 13 15 28 30
15 17 30 34 35
23 26 28 30 35
12 14 15 23 38
6 18 19 21 27
18 23 24 28 36
10 13 33 34 37
1 10 17 24 35
1 19 29 32 35
5 20 21 25 36
6 13 28 30 31
1 4 7 11 32
3 11 26 33 37
3 5 6 13 35
8 17 27 29 32
7 14 26 33 35
9 18 20 31 33
7 18 22 30 32
13 18 24 34 38
7 15 20 22 39
1 5 10 16 26
2 7 12 17 33
7 16 28 32 35
1 5 7 19 23
1 5 10 13 19
12 28 29 33 34
7 8 14 30 31
1 2 9 13 14
1 4 11 16 33
6 10 24 30 35
3 9 14 18 35
2 21 26 38 39
5 12 14 16 30
17 19 21 32 33
17 26 27 29 36
9 11 17 25 39
2 7 12 26 37
4 19 28 37 38
12 22 25 32 33
6 15 17 32 39
2 3 10 23 33
3 7 10 16 25
17 19 21 34 38
2 6 14 31 36
8 25 27 37 38
4 18 20 23 34
3 9 12 29 32
9 24 25 26 38
9 18 22 26 31
9 13 16 22 39
4 5 6 13 33
13 27 29 33 39
2 16 22 31 37
9 20 36 38 39
12 23 24 30 39
4 7 16 22 34
7 11 25 32 34
19 24 27 28 38
5 6 22 29 32
1 10 18 24 35
17 21 26 28 37
12 15 16 25 38
6 26 30 36 37
11 21 25 29 33
5 7 12 22 35
3 20 25 34 39
1 5 22 29 37
11 17 21 26 32
1 6 22 32 35
3 19 20 22 27
2 4 10 21 32
1 5 24 27 38
7 14 16 20 24
7 13 16 27 34
1 3 16 21 23
3 6 27 28 38
5 6 18 23 27
6 10 22 26 28
4 18 20 35 36
6 15 21 26 29
9 12 19 31 35
3 23 27 31 37
2 13 18 22 31
2 9 22 34 37
5 6 12 13 14
1 5 13 19 30
1 18 21 24 28
1 13 14 20 28
8 23 26 27 30
2 8 22 28 39
10 16 29 34 36
7 17 23 25 27
11 13 24 27 29
8 10 15 16 35
2 6 12 23 35
1 8 14 30 31
6 7 10 14 30
1 2 4 10 38
19 23 27 33 34
21 26 29 33 35
4 24 32 36 38
17 21 23 29 37
13 15 17 19 21
1 24 25 34 39
12 18 21 26 29
11 15 28 35 39
8 9 18 30 31
18 20 28 29 34
25 28 29 30 31
1 19 25 30 39
1 13 21 29 37
6 10 11 12 38
5 8 10 15 35
13 15 17 21 29
3 10 15 26 31
5 7 16 20 33
8 12 15 26 35
18 25 26 31 34
13 15 33 36 39
6 11 23 25 38
6 22 29 32 35
4 8 9 30 31
9 10 16 29 39
12 13 20 28 31
7 11 13 19 21
21 23 29 30 39
4 24 28 34 37
5 7 19 30 34
13 24 31 33 38
6 8 9 18 39
7 9 15 18 32
4 10 21 25 37
11 14 15 23 28
4 14 19 20 23
6 14 24 36 39
12 19 24 26 39
7 10 11 12 13
10 17 31 34 38
9 11 12 29 37
8 14 17 32 33
1 3 9 14 35
1 2 12 16 25
2 17 18 20 39
7 8 17 28 35
1 17 21 26 27
9 12 22 38 39
1 3 6 9 38
3 5 6 11 32
1 12 13 23 29
5 10 16 27 29
5 18 25 27 38
1 6 21 33 38
7 22 25 28 39
9 18 24 29 33
4 5 19 22 24
10 16 29 31 39
4 11 18 28 31
4 6 13 19 32
7 18 29 33 35
11 16 19 28 31
13 16 19 20 24
7 27 33 35 39
5 9 10 25 32
14 16 23 34 37
17 20 26 30 35
6 9 18 24 25
3 22 23 33 34
1 15 17 33 39
5 20 29 31 36
2 22 23 33 36
3 6 9 22 29
2 6 14 16 25
5 7 15 30 32
1 10 13 22 25
2 11 15 29 34
7 13 18 29 39
1 2 9 10 27
2 11 20 24 27
9 23 24 25 31
5 8 10 34 38
9 21 30 32 39
3 12 23 28 39
7 8 26 34 38
3 4 18 22 26
1 7 11 13 19
3 6 11 12 20
11 18 32 33 39
5 6 17 25 32
18 21 28 33 38
1 17 19 31 39
2 11 23 25 34
7 10 18 22 33
8 9 16 17 24
1 5 10 22 25
10 29 32 34 37
12 28 33 34 35
1 5 20 22 27
7 14 30 31 34
2 8 11 18 28
3 9 11 16 22
6 11 14 30 38
3 25 28 34 38
8 14 20 25 39
25 27 33 34 38
25 26 28 36 38
3 11 14 18 23
13 22 25 27 36
1 12 18 21 38
7 13 14 28 36
18 19 21 24 30
4 20 22 24 27
1 9 11 16 36
1 13 16 26 38
6 8 19 21 22
20 22 30 31 35
19 31 35 36 37
4 13 18 21 31
4 10 16 17 34
4 6 12 18 22
9 10 13 17 30
4 9 19 27 28
8 12 20 23 35
9 22 25 27 38
2 5 15 29 39
2 9 15 17 28
10 14 16 19 24
8 9 10 18 30
3 10 18 20 32
5 15 25 29 35
6 15 20 25 36
17 19 23 27 30
15 17 20 30 34
10 21 30 34 39
1 18 21 23 39
18 20 21 24 31
1 2 15 36 37
1 26 30 37 38
3 8 11 16 21
7 12 15 22 31
6 15 24 30 34
3 14 16 23 30
2 16 18 33 37
20 28 32 33 38
8 10 11 18 31
13 21 24 29 32
2 8 14 19 25
15 19 24 29 39
6 8 29 30 34
8 14 15 28 38
7 12 26 28 34
3 4 5 15 24
11 12 21 23 33
5 21 28 29 35
4 12 18 28 37
15 19 30 36 39
9 11 14 17 38
6 13 19 25 38
6 7 21 29 37
16 18 32 34 36
6 13 18 31 33
3 12 18 29 38
8 10 24 25 37
7 19 25 31 33
5 24 30 38 39
1 10 14 23 24
7 8 19 24 37
6 11 26 31 35
1 13 15 22 31
15 22 27 37 38
6 8 15 20 31
4 9 11 18 20
19 20 26 27 33
5 19 21 29 35
3 23 33 36 39
7 10 11 37 38
4 11 32 38 39
1 2 7 30 35
2 3 5 27 30
5 16 32 36 39
1 11 25 30 31
6 23 25 31 33
2 9 13 19 32
13 14 24 32 33
5 8 14 27 37
4 16 22 24 36
3 12 15 27 35
4 9 23 36 38
3 14 26 29 39
9 13 15 31 33
1 17 24 26 27
10 14 15 21 38
6 24 26 37 39
4 13 14 21 32
7 19 26 30 31
8 16 21 22 27
1 12 19 21 30
3 4 12 29 32
11 16 20 36 38
5 7 8 13 36
2 12 18 33 35
17 24 28 34 39
10 12 24 34 39
6 21 30 32 35
7 9 20 26 39
4 5 8 23 35
6 15 20 33 37
1 3 4 10 11
8 15 22 33 37
1 6 7 11 34
1 4 13 24 27
1 4 6 18 35
1 10 31 35 38
2 6 25 27 32
2 3 4 5 31
3 18 19 32 34
6 20 26 28 39
1 8 19 27 33
21 23 27 35 38
3 6 8 37 39
3 14 17 29 30
1 3 5 26 31
3 5 26 32 34
19 23 24 31 35
1 4 10 11 14
10 22 27 30 35
4 5 15 24 39
2 3 6 13 35
12 20 27 29 30
6 20 22 32 35
2 10 14 15 31
7 18 23 25 33
1 9 10 24 30
3 4 8 11 33
6 13 17 18 35
3 7 32 35 39
3 11 12 25 38
3 18 22 31 33
10 11 17 18 24
6 9 15 31 32
10 28 30 33 35
8 23 25 30 33
26 27 28 29 32
18 19 23 27 38
4 13 22 37 39
18 19 24 34 38
9 10 17 28 38
2 19 24 34 37
19 31 32 34 36
9 15 16 23 28
8 19 22 29 35
17 19 20 25 26
2 4 10 14 24
1 5 6 21 37
4 20 22 25 37
2 7 14 35 36
4 12 18 34 35
7 23 33 36 37
6 18 21 23 27
4 6 8 13 19
1 8 10 24 32
17 18 19 36 39
6 10 12 14 21
10 15 17 34 36
5 10 12 14 27
3 23 25 34 38
9 18 19 32 36
4 10 30 32 35
4 8 28 34 37
5 6 15 22 25
3 4 11 15 19
6 7 9 12 13
8 33 36 37 38
12 15 29 36 38
7 8 13 16 20
2 3 6 8 23
3 8 11 32 38
2 3 4 6 17
2 8 22 35 38
11 13 16 19 25
1 4 19 28 37
5 23 24 32 33
2 6 15 19 23
16 21 23 29 35
2 4 5 7 10
2 9 10 11 35
5 6 16 25 36
2 8 16 22 32
5 8 19 21 30
17 19 20 30 33
5 11 23 24 28
5 7 15 21 36
4 13 20 23 33
3 27 34 36 38
5 19 21 28 29
1 12 23 37 38
15 17 21 23 28
2 6 21 24 26
5 14 19 24 32
6 17 26 36 38
4 16 30 32 39
1 8 15 21 27
2 4 15 16 37
8 20 24 26 36
11 14 18 22 34
1 8 20 21 36
16 27 29 33 36
6 29 31 33 34
18 19 23 26 37
5 13 16 26 38
7 15 16 17 35
11 20 22 27 37
6 16 23 29 32
7 17 26 28 36
4 9 10 11 29
2 4 13 27 28
6 14 22 26 39
17 24 30 32 35
12 15 25 33 38
1 8 15 19 25
1 4 11 17 32
13 14 15 26 29
13 19 21 22 37
6 10 20 29 39
5 8 30 31 34
3 6 30 38 39
6 13 14 29 34
1 15 25 34 39
23 24 27 36 38
8 15 23 37 38
5 18 26 28 32
11 17 26 31 38
5 12 27 36 39
2 9 22 25 36
2 11 14 31 36
4 11 14 27 38
1 4 14 26 35
12 18 23 29 34
11 18 23 27 33
8 14 15 17 18
12 14 18 20 21
6 8 11 25 29
2 6 29 30 37
7 22 28 31 39
3 9 18 23 25
3 18 19 21 33
3 24 27 31 38
6 21 26 32 37
21 26 31 33 37
6 10 22 32 37
10 15 24 31 32
5 9 33 36 38
6 7 9 19 24
12 23 24 29 30
4 5 10 22 36
3 7 11 30 32
3 10 12 29 34
2 3 7 11 24
12 16 23 24 33
5 8 12 25 29
10 28 33 36 39
5 7 11 17 23
1 15 33 34 39
3 11 12 13 38
5 16 24 34 36
6 16 18 28 36
13 18 25 27 28
1 4 5 19 29
3 7 8 9 26
6 17 21 22 34
2 4 5 8 37
11 12 15 16 21
4 7 13 22 37
2 3 18 22 31
2 7 26 31 39
9 18 21 22 32
20 24 35 36 37
6 9 19 29 37
3 25 26 27 32
9 16 28 35 38
12 13 19 25 27
4 9 10 26 27
4 7 22 23 38
15 18 22 24 35
7 9 11 16 24
5 10 24 30 33
1 12 14 25 38
9 10 16 22 34
7 18 24 28 30
20 21 22 25 27
8 9 22 24 37
5 12 21 23 33
1 4 7 21 35
5 15 22 24 35
6 14 21 32 36
2 6 15 32 34
19 21 28 32 33
16 30 31 33 38
3 10 11 27 33
19 24 29 31 34
1 3 6 16 21
18 23 28 31 34
15 24 26 28 36
2 11 23 30 32
2 13 16 23 38
26 28 32 33 34
2 12 18 28 31
7 31 32 34 36
9 20 25 26 30
5 7 13 34 36
4 11 16 23 27
6 7 23 34 37
15 29 32 37 38
2 5 6 8 26
16 24 34 36 38
7 17 24 25 26
2 5 7 23 38
17 18 23 34 35
16 20 26 28 35
7 11 15 19 30
3 4 14 28 29
1 8 13 15 23
1 20 24 26 29
14 15 20 34 39
13 14 18 26 32
1 7 13 16 28
1 16 24 26 33
23 25 33 34 36
14 18 34 36 37
7 8 13 24 29
4 31 33 36 38
1 5 8 36 38
6 7 9 21 23
6 11 31 33 37
11 14 22 28 32
2 19 21 30 38
1 10 15 20 23
14 18 19 32 35
1 12 14 24 37
10 20 25 26 27
9 11 14 26 34
19 23 25 33 39
1 4 28 36 38
1 7 8 20 26
12 14 29 32 34
14 21 24 27 31
1 13 19 23 24
1 4 8 24 25
1 10 16 17 32
2 12 36 37 39
1 11 14 27 28
26 28 33 37 38
5 6 30 31 34
12 18 22 25 31
7 9 14 27 29
13 18 29 30 31
21 23 28 31 35
3 4 14 17 31
10 18 28 29 35
3 5 19 29 34
2 14 25 30 38
11 13 23 32 38
10 26 29 35 37
3 15 20 30 32
2 5 8 11 20
8 10 11 22 27
9 15 20 26 32
9 11 28 32 34
1 3 8 9 26
14 17 19 35 39
8 11 13 30 34
4 9 20 28 35
1 4 20 24 39
9 17 19 23 37
14 21 24 29 37
2 14 21 28 37
2 12 14 21 24
3 13 17 25 30
13 15 21 24 36
19 20 23 33 34
11 23 25 29 37
14 16 19 21 25
2 4 9 27 38
1 4 7 23 25
16 18 20 25 27
6 14 15 28 31
3 11 20 25 34
8 13 23 27 32
3 13 25 33 39
11 15 23 26 38
3 15 22 23 28
8 10 21 27 30
3 5 25 26 38
1 5 10 22 24
1 2 15 16 23
8 10 24 36 39
5 20 30 33 36
2 15 24 29 32
16 21 22 30 31
7 12 20 32 37
2 13 29 36 39
1 2 10 18 20
28 29 31 32 36
7 13 30 32 37
2 12 23 24 25
10 13 28 34 39
24 26 32 33 38
9 11 19 29 38
16 23 31 32 34
17 19 22 30 32
4 6 7 23 39
3 12 28 32 39
17 20 21 27 38
9 11 19 25 28
4 12 13 25 26
2 12 14 15 28
2 11 21 22 28
6 19 20 24 30
9 20 23 34 36
3 5 7 13 34
19 20 26 37 38
18 22 25 26 34
1 3 7 33 35
9 16 28 32 36
8 10 24 25 34
2 5 13 29 38
3 17 18 19 35
19 23 27 34 37
18 20 25 38 39
5 9 13 24 36
3 18 25 28 36
1 4 11 23 38
11 15 19 25 35
1 13 21 25 33
9 10 20 27 28
18 20 26 27 37
4 6 24 25 37
2 6 17 19 24
4 6 12 24 32
1 7 8 21 25
7 20 21 24 37
21 22 24 32 37
10 12 15 30 37
7 12 19 22 26
2 3 25 32 36
17 18 20 21 39
2 9 21 25 34
16 19 24 32 35
4 12 18 23 37
7 25 26 31 37
16 32 33 35 39
9 12 20 28 30
7 8 29 31 38
7 25 32 34 38
12 24 32 33 34
4 9 18 20 39
9 10 13 23 37
4 10 19 30 32
2 17 25 28 31
8 15 24 33 36
2 20 29 33 35
6 10 14 29 37
15 21 29 35 37
4 23 25 26 35
3 14 22 38 39
13 21 30 36 37
7 9 14 33 38
15 22 24 26 27
6 14 30 37 39
12 18 27 30 38
3 9 10 18 21
12 13 21 27 32
1 5 16 29 36
5 6 14 28 32
7 10 12 15 22
6 19 33 35 39
1 10 12 16 28
6 16 18 29 33
16 26 28 30 35
3 4 17 21 25
2 8 15 18 20
13 19 22 24 37
1 7 9 13 32
10 20 23 24 33
6 16 20 32 36
7 17 24 30 31
2 14 27 30 39
5 20 21 23 39
3 12 30 32 33
16 17 26 27 35
4 6 21 27 28
16 26 33 34 37
15 21 27 36 39
3 4 8 10 21
5 16 17 22 38
16 29 31 34 37
1 27 30 31 38
22 27 28 29 37
11 18 30 31 34
23 26 27 35 39
10 17 24 30 38
7 9 11 25 37
15 19 20 21 38
11 13 22 35 38
2 11 18 27 28
2 12 13 27 37
3 6 7 13 30
8 10 18 33 35
14 18 19 20 33
4 18 19 24 32
2 5 11 12 22
5 9 21 26 39
12 17 19 30 38
1 6 10 36 37
6 11 26 34 36
4 12 13 15 18
19 31 32 34 38
11 14 23 32 34
2 7 11 18 21
3 14 26 29 32
4 5 8 37 38
6 8 13 15 35
4 5 16 23 29
5 10 18 20 24
5 16 22 33 38
13 15 20 32 36
1 9 21 22 33
10 19 22 25 38
8 12 16 19 37
7 17 30 34 36
1 6 20 21 37
15 17 18 25 37
10 23 30 36 38
1 13 24 26 29
6 11 22 25 38
9 16 28 36 39
15 19 22 26 27
1 14 15 16 17
4 10 12 20 28
7 19 21 25 26
3 4 9 23 25
11 19 22 33 39
5 7 17 25 38
9 18 23 25 27
5 26 27 32 35
2 13 16 34 39
10 15 19 26 36
5 7 24 37 38
16 20 21 25 35
5 23 30 33 39
3 19 23 30 36
6 12 18 27 38
13 22 31 36 37
20 21 25 30 39
1 5 16 19 20
21 28 33 36 39
1 11 25 27 34
7 8 11 27 31
1 4 5 28 31
3 5 22 37 38
3 15 19 30 32
7 8 12 27 28
9 11 28 30 37
8 13 16 19 20
14 15 16 23 24
12 15 31 32 39
4 9 16 22 38
19 23 31 33 34
6 18 26 34 39
3 12 17 21 32
22 28 33 36 38
11 17 30 33 38
11 12 16 32 34
10 20 21 25 27
6 10 15 16 27
2 6 20 32 35
16 20 21 23 29
7 15 18 22 29
5 26 30 37 39
1 14 24 26 28
6 15 18 20 29
2 12 13 24 36
1 17 24 25 39
8 12 15 18 26
8 13 15 20 25
1 13 15 17 19
2 6 17 28 37
4 8 16 21 28
3 6 7 17 29
7 18 20 29 33
12 19 26 31 34
6 20 21 26 38
1 9 17 29 38
1 7 9 10 16
18 19 25 26 27
4 9 22 29 32
9 10 24 34 38
14 21 23 26 30
1 6 9 19 38
1 3 13 26 32
5 7 20 22 30
5 11 14 19 20
16 21 24 28 31
12 20 24 26 28
4 7 21 25 34
7 8 19 29 30
6 7 9 21 25
8 13 18 28 33
2 17 29 30 36
8 11 18 19 35
2 5 11 19 26
1 22 25 27 38
5 13 16 31 37
2 10 17 25 29
2 19 20 28 31
4 8 9 20 27
8 14 17 28 33
11 17 27 31 37
20 21 27 31 34
1 9 37 38 39
6 13 14 28 37
5 6 11 20 24
4 17 20 24 29
18 29 34 37 38
4 7 20 29 32
7 27 29 32 38
1 9 17 20 22
3 5 6 15 22
12 14 17 32 37
4 13 21 32 34
5 22 30 35 36
6 7 16 27 37
3 8 18 21 31
14 17 31 34 35
15 28 31 34 37
4 7 14 19 20
8 13 15 30 38
5 12 17 23 28
5 31 33 37 38
16 18 20 23 29
6 8 13 18 25
5 8 23 32 38
5 12 21 28 38
20 22 26 30 36
9 14 23 25 38
4 10 24 27 38
1 10 18 26 27
3 9 17 20 36
9 19 20 24 29
1 8 18 24 36
22 24 31 33 35
6 12 27 33 39
1 12 15 16 35
6 7 9 17 36
9 15 30 34 36
12 25 28 35 39
11 15 20 24 29
2 5 14 25 28
11 14 16 26 36
1 28 30 34 39
9 25 28 31 34
3 14 18 36 39
7 16 22 24 30
2 6 10 11 26
11 18 20 30 35
6 12 18 19 24
16 27 32 34 37
1 6 16 20 37
6 13 14 21 32
3 9 30 34 36
2 8 20 22 35
4 6 12 14 27
10 14 29 31 34
4 9 21 28 33
4 6 14 26 27
8 11 20 30 38
4 11 12 28 32
5 7 9 34 38
15 18 30 33 36
3 14 17 19 25
13 19 20 34 37
14 18 27 31 32
12 18 19 20 24
18 20 29 31 33
5 22 34 35 36
7 21 27 29 33
6 9 27 29 34
5 19 24 33 35
1 13 17 33 38
17 18 25 31 36
8 23 27 30 31
10 11 15 19 37
4 10 33 38 39
4 14 16 31 38
1 7 24 32 36
4 13 21 26 39
1 12 17 34 39
3 5 12 18 38
9 13 18 30 37
10 21 31 33 39
18 21 24 25 37
2 6 18 25 29
4 6 10 13 31
15 25 29 32 39
4 12 13 15 18
9 14 23 31 37
17 21 25 34 35
21 27 28 30 38
3 4 10 15 27
1 5 17 18 38
2 11 15 16 29
2 28 33 34 37
1 20 21 25 31
8 9 37 38 39
8 19 23 26 35
3 15 16 23 28
2 7 11 24 27
1 5 21 28 38
16 20 28 29 32
4 15 28 34 39
1 12 24 31 33
2 11 31 32 33
12 15 18 20 23
1 8 9 13 38
4 21 33 38 39
13 15 21 30 33
9 11 26 28 36
13 17 28 33 38
10 12 23 28 37
3 5 14 16 37
1 14 28 29 37
5 6 16 30 32
3 6 11 17 20
1 14 22 29 32
2 18 22 26 30
10 30 34 38 39
17 27 33 37 39
7 8 19 27 29
2 17 32 37 39
5 12 14 20 39
3 5 9 19 31
4 15 18 35 37
8 16 23 26 38
5 20 21 27 28
7 13 18 21 29
2 6 11 34 36
6 15 21 26 38
4 14 15 20 26
1 2 16 21 34
2 3 11 34 39
17 27 30 33 37
1 11 14 15 36
10 18 23 27 35
1 19 22 30 33
5 6 29 36 37
3 6 33 34 35
7 9 12 13 17
15 21 25 30 34
1 6 22 27 39
7 9 16 20 32
8 15 17 32 34
3 13 28 29 34
3 27 29 34 39
2 10 32 38 39
8 19 27 28 33
18 25 26 38 39
5 6 25 28 30
13 15 29 31 32
3 6 7 32 34
10 21 29 37 39
2 3 10 26 34
4 7 15 19 35
2 6 13 14 17
2 12 13 25 29
10 12 20 27 38
7 8 11 14 30
1 14 22 33 36
15 21 23 28 30
2 15 33 35 38
10 13 19 21 38
16 18 24 26 37
8 14 16 33 35
6 7 18 25 37
1 5 8 34 35
3 8 12 13 25
1 6 15 25 29
2 7 12 28 29
6 15 24 26 35
1 9 20 33 39
14 17 23 25 39
4 13 18 25 29
1 16 31 33 37
4 11 16 33 39
3 9 10 37 38
2 3 11 15 28
3 6 10 16 18
11 25 26 29 32
11 22 26 29 32
6 16 19 21 34
11 15 16 18 38
5 17 24 29 38
5 18 28 34 37
3 7 12 13 24
3 11 14 17 24
3 10 26 29 36
2 12 15 33 36
10 15 16 23 37
8 19 22 27 33
4 8 25 37 39
1 2 19 31 35
13 30 32 34 39
1 9 10 20 21
1 4 6 14 31
1 5 9 16 19
1 6 12 25 37
7 11 15 18 27
2 3 9 25 36
8 9 15 20 31
2 11 12 17 20
16 18 26 35 38
8 11 14 20 39
11 15 19 36 39
5 6 21 24 37
14 16 24 26 32
8 10 15 29 35
9 22 29 33 36
4 7 27 30 38
2 25 27 28 36
11 12 20 29 33
1 4 16 21 30
6 7 13 24 27
12 17 19 21 24
8 9 14 31 33
14 23 24 26 35
1 6 8 16 32
5 16 32 34 39
7 14 15 16 37
3 4 16 22 30
4 19 25 30 34
8 15 19 25 28
7 27 29 30 36
1 7 17 21 38
12 26 29 33 39
3 5 19 27 32
7 16 21 22 26
18 20 25 34 35
1 17 22 31 37
1 3 14 19 25
4 8 24 29 38
4 13 17 20 29
4 26 27 34 39
16 17 29 30 33
6 7 27 35 36
1 13 17 31 39
22 28 30 34 39
5 16 18 33 38
3 12 16 20 34
16 18 27 29 39
6 8 11 16 38
8 22 26 27 33
2 18 27 31 35
5 6 10 20 26
8 18 22 29 37
9 13 19 21 25
2 3 7 10 17
7 16 21 28 35
7 11 17 26 27
6 12 16 20 27
1 4 12 15 39
5 11 22 28 31
7 9 18 20 34
5 6 16 23 25
9 18 31 32 34
4 13 14 25 36
4 9 32 37 39
9 23 29 34 35
3 9 13 21 22
4 6 13 14 20
6 11 15 25 30
13 17 18 20 27
5 22 23 24 34
3 14 23 25 37
2 10 15 18 38
10 14 15 17 28
10 14 16 17 35
5 29 30 31 36
3 4 9 23 28
4 8 33 34 38
3 5 14 18 19
1 23 25 34 36
5 15 17 31 34
2 7 16 30 39
12 22 24 28 38
5 18 19 25 27
1 10 17 32 39
3 5 21 27 35
15 17 23 27 32
10 12 24 30 38
19 23 27 35 39
4 15 19 32 34
4 11 16 26 38
3 4 15 18 31
1 15 23 24 36
14 19 31 34 36
3 18 27 33 39
15 16 17 18 26
1 22 27 38 39
2 4 13 16 18
16 26 30 35 38
2 3 8 19 39
4 13 15 20 33
1 18 26 29 39
2 3 8 28 32
4 8 14 19 35
13 24 28 30 33
1 4 14 17 30
1 2 3 35 38
1 4 11 23 32
13 21 22 32 36
6 18 22 28 29
5 14 19 26 37
2 3 7 16 34
4 16 20 31 34
14 15 21 28 34
3 15 25 34 36
10 15 34 36 37
1 17 20 24 30
11 20 32 34 36
7 11 14 30 34
12 13 19 26 33
14 20 24 34 39
5 23 25 29 33
2 11 21 26 30
1 12 15 33 38
6 7 14 34 38
9 11 13 17 24
3 4 18 22 27
1 7 10 23 29
1 21 33 34 38
5 15 18 23 32
7 10 32 34 38
1 6 20 24 34
3 22 26 27 34
8 11 14 20 34
8 9 10 22 33
19 20 32 34 36
11 21 27 29 34
1 4 16 22 27
3 20 28 32 35
6 11 13 16 30
3 7 11 34 36
10 13 23 25 31
4 21 25 28 39
3 11 18 24 36
3 10 23 25 34
14 15 24 26 28
2 18 29 34 36
12 14 25 32 34
17 23 30 32 37
3 5 7 13 33
3 19 24 32 34
22 24 27 36 38
1 8 15 30 31
8 9 11 12 13
11 15 31 35 38
4 30 32 37 39
4 13 24 27 34
2 6 9 24 25
13 21 26 34 37
22 28 32 33 37
2 6 28 33 34
4 14 26 36 38
4 7 16 17 30
8 23 24 26 37
2 7 30 32 38
9 13 20 22 31
1 11 12 13 34
1 4 10 11 26
6 14 28 33 39
4 8 9 13 29
5 13 23 28 33
17 22 27 32 39
9 21 22 29 34
1 6 24 31 35
3 7 10 22 37
2 9 21 22 38
4 19 23 29 31
8 16 23 24 35
3 5 11 13 29
8 18 23 29 32
1 15 19 25 38
11 13 24 25 33
6 8 12 28 37
2 12 22 29 36
17 20 22 24 33
1 14 17 21 25
3 12 18 21 24
1 11 27 29 35
9 15 25 37 39
3 17 27 28 34
13 16 25 34 36
9 20 22 29 30
4 18 20 29 36
2 19 24 32 34
10 17 19 21 36
5 8 15 22 39
5 6 14 15 27
2 17 20 32 34
8 18 19 21 30
5 8 23 31 35
21 22 23 26 32
2 5 8 20 24
8 20 24 26 37
11 16 19 29 31
2 5 7 9 11
3 7 18 20 28
2 8 17 37 38
11 20 25 32 39
5 29 36 38 39
3 13 17 22 25
5 23 25 33 34
11 16 18 21 35
5 10 17 22 34
1 2 4 12 33
11 19 21 27 37
5 10 17 23 27
14 24 28 29 32
7 18 20 21 32
1 18 20 36 37
8 14 17 32 34
17 18 21 30 36
4 9 20 21 33
11 25 27 35 37
3 12 22 23 35
5 17 27 36 38
3 11 17 34 39
2 3 15 21 30
2 19 28 31 33
2 4 21 27 38
3 16 21 22 29
26 30 34 36 38
7 17 19 22 33
6 25 32 36 38
8 10 13 23 27
5 11 15 16 34
2 17 26 28 35
8 11 24 25 31
5 6 21 35 38
16 20 26 28 36
2 6 19 29 39
8 9 11 13 17
7 13 15 16 35
5 7 25 27 28
1 5 10 18 35
2 12 15 29 37
9 25 26 34 36
3 15 16 24 28
8 10 24 26 27
5 9 14 20 33
5 7 13 17 33
1 10 11 18 26
18 27 30 37 39
11 29 30 33 35
4 11 12 30 33
9 23 28 29 31
4 8 20 35 36
2 7 22 29 32
23 30 34 36 38
9 18 23 26 34
8 14 16 35 39
2 14 16 18 32
2 4 7 12 33
1 21 22 31 38
1 4 9 14 35
6 8 10 16 18
2 9 11 18 23
5 8 29 34 35
1 3 4 23 33
7 12 14 15 37
8 11 20 29 39
4 20 21 25 33
5 21 22 23 25
2 3 25 29 32
11 17 20 25 31
3 10 11 15 32
9 20 24 35 38
1 26 32 35 38
3 18 27 31 39
19 22 30 35 36
6 8 14 23 25
3 9 18 31 36
9 11 18 23 25
1 7 30 33 35
16 17 21 31 38
7 10 30 34 37
23 24 26 34 35
2 10 21 23 24
5 30 33 35 38
8 18 20 22 29
1 11 12 14 24
10 11 17 23 28
4 10 22 25 27
3 20 26 37 39
2 11 19 37 38
1 4 5 24 32
3 16 18 24 26
3 14 21 28 35
3 9 15 16 24
3 4 8 10 28
17 23 25 30 36
7 30 35 37 38
9 14 19 29 33
7 24 30 34 35
10 12 14 20 39
1 6 9 30 39
12 23 29 30 35
2 15 24 34 38
14 20 34 37 38
5 13 19 24 35
5 11 14 22 23
1 8 21 31 39
5 22 26 28 31
8 11 13 26 35
12 14 24 30 38
19 21 24 25 26
7 16 20 22 27
17 27 29 30 38
3 6 9 26 28
5 6 32 35 39
2 8 20 22 31
2 4 15 20 23
7 13 18 19 28
5 8 26 30 34
10 11 15 23 28
1 15 26 28 33
12 22 23 25 36
6 14 24 36 37
6 7 13 30 33
11 14 22 32 36
5 13 21 25 38
2 13 19 20 39
4 7 11 25 34
14 20 27 29 38
3 11 18 28 33
8 9 11 15 39
2 13 14 28 32
7 12 14 21 30
4 6 8 36 37
5 7 15 23 35
4 6 13 23 35
1 2 8 30 39
3 22 24 26 37
20 22 33 37 38
10 15 18 29 34
11 13 16 18 33
6 19 32 36 37
3 12 16 30 38
4 21 27 32 37
5 7 13 14 34
3 12 16 22 26
8 14 20 30 31
1 3 20 33 34
5 8 9 23 26
13 14 22 25 37
2 9 15 19 27
14 15 20 32 39
13 16 19 27 34
3 9 14 18 27
18 19 22 27 31
4 11 18 20 23
1 6 11 16 29
9 19 22 24 32
8 19 28 35 37
17 20 27 31 32
5 14 19 21 28
3 5 9 26 34
3 15 18 19 27
13 16 17 21 28
8 18 20 30 35
5 7 26 31 38
1 4 7 11 24
13 18 25 26 29
11 12 31 32 36
1 13 18 26 34
12 15 18 24 29
5 6 8 15 37
4 8 18 34 36
3 5 6 34 36
3 7 9 14 26
9 17 20 25 32
10 17 24 26 28
8 13 25 28 31
1 11 13 20 36
2 13 16 29 37
8 18 19 20 31
9 10 21 27 38
4 14 26 29 33
10 11 28 31 36
4 7 12 18 19
1 28 31 37 38
8 12 18 22 27
12 21 22 32 33
3 11 13 16 19
21 25 35 36 38
1 2 12 18 36
14 16 23 32 34
6 8 16 21 23
3 20 23 34 37
8 12 13 31 38
1 5 21 23 39
15 22 28 29 32
1 8 25 29 30
2 5 9 14 17
4 10 18 35 38
3 9 11 23 39
3 9 14 17 20
3 13 14 19 32
7 15 17 29 35
4 15 30 32 35
1 3 11 27 36
13 21 31 34 35
11 17 18 26 35
5 9 15 24 25
1 3 7 8 20
2 12 17 26 36
12 18 26 33 34
1 11 16 30 33
2 11 22 27 32
5 6 28 33 35
13 17 22 33 34
2 9 17 20 29
12 22 32 33 34
4 16 17 32 38
2 3 20 21 35
5 24 28 29 30
7 22 29 30 31
5 8 15 33 36
5 9 10 12 17
8 27 33 34 39
5 11 18 21 34
3 16 17 27 34
5 22 28 29 38
6 12 27 29 37
8 17 22 33 34
12 17 23 34 35
4 9 28 31 35
16 18 22 24 36
1 4 31 35 37
1 12 24 36 39
6 12 22 34 38
14 22 25 26 30
21 22 33 34 37
15 21 31 32 37
1 4 29 36 37
4 6 18 22 25
3 4 6 13 39
3 5 10 21 31
6 14 21 24 31
20 24 26 31 33
1 20 21 26 38
8 14 15 32 33
1 19 36 37 38
1 2 10 11 31
4 7 10 20 35
5 8 15 17 30
12 13 27 29 30
11 13 28 30 36
5 6 15 20 39
3 11 17 24 29
23 25 28 33 36
10 19 29 31 38
4 25 33 34 37
2 3 5 30 31
10 13 35 36 39
17 18 30 35 37
12 15 27 28 35
2 4 12 30 33
2 6 14 16 32
14 15 16 21 25
6 10 13 34 38
5 14 21 27 30
15 16 19 20 23
3 14 16 20 30
11 27 34 36 38
3 5 15 29 33
6 9 13 20 34
11 17 19 27 39
19 23 28 37 38
6 11 13 18 25
8 9 21 35 37
1 4 30 34 38
5 6 10 17 33
3 11 12 35 36
3 6 15 19 21
23 26 32 36 37
3 5 9 25 39
3 17 18 23 30
25 26 28 35 38
1 4 10 11 27
11 13 18 22 34
4 8 9 11 27
1 12 20 24 27
6 15 20 21 28
4 11 18 21 27
12 21 23 24 28
7 10 12 13 19
19 22 23 25 30
2 28 31 33 36
8 10 20 31 33
7 18 22 31 35
1 13 14 16 26
8 14 22 25 33
3 11 24 26 29
7 9 12 33 38
12 14 22 37 39
3 9 15 23 34
3 8 14 33 34
3 9 12 18 26
11 19 24 30 36
9 20 22 31 35
17 29 34 38 39
4 6 11 18 31
6 10 12 13 30
3 7 19 21 38
2 5 7 26 36
3 20 24 26 32
18 21 30 31 35
10 15 28 31 32
6 18 27 31 39
5 6 10 29 36
19 24 26 28 34
6 14 16 31 32
5 21 28 30 35
3 17 19 20 28
9 14 19 21 32
12 25 28 32 35
3 15 16 37 38
4 5 18 21 22
8 9 16 17 29
1 14 21 28 33
5 9 11 28 33
4 8 9 11 29
19 20 29 34 37
1 7 15 17 22
6 8 23 32 33
17 30 32 34 37
3 4 14 23 29
18 23 34 35 37
6 7 20 35 37
3 5 6 7 9
8 20 24 36 37
2 21 22 26 27
2 3 31 37 38
20 23 24 32 36
4 16 20 23 25
4 6 23 25 26
5 15 22 25 35
5 10 14 29 35
6 10 27 30 32
2 8 12 15 35
5 16 19 22 37
13 20 23 35 36
1 4 20 24 26
8 9 20 21 31
2 13 24 30 34
9 15 25 26 32
7 17 30 37 39
13 19 23 27 37
1 5 8 18 31
1 7 8 15 28
4 5 23 25 34
8 20 23 29 30
5 15 32 35 36
20 26 33 35 38
1 8 13 24 29
3 10 11 17 33
2 3 12 22 32
14 17 24 34 37
8 13 24 30 34
16 19 27 31 35
3 15 25 27 31
1 5 20 24 33
15 21 23 24 25
6 13 15 24 35
11 13 18 22 30
4 6 8 27 31
16 20 29 35 39
3 10 16 34 36
4 5 9 12 33
9 12 16 34 36
23 27 28 35 38
1 17 18 26 28
2 14 15 17 37
16 19 29 34 38
1 2 6 10 38
15 18 33 34 38
5 6 8 14 20
17 25 26 28 37
3 13 29 31 37
10 16 17 33 36
3 21 26 27 28
3 9 15 18 25
9 26 27 32 35
10 15 17 28 39
1 4 11 21 29
8 9 10 21 36
10 18 25 38 39
2 13 17 32 36
6 8 15 17 22
1 31 36 37 38
3 5 8 9 32
2 5 35 36 38
1 2 10 12 26
15 20 24 38 39
7 19 21 33 38
1 11 16 22 26
22 26 33 34 36
7 16 17 28 37
2 6 11 18 33
4 11 25 30 38
2 17 27 30 36
4 22 33 35 37
1 5 21 22 23
2 9 13 25 27
2 3 8 35 39
12 17 18 30 38
20 26 27 30 36
11 13 19 36 37
9 21 26 29 33
24 29 30 31 37
12 14 16 30 36
12 16 26 31 33
4 13 22 24 29
8 9 16 21 35
1 5 14 24 29
3 5 9 13 33
3 10 16 28 39
14 15 18 19 31
3 16 18 23 26
10 12 18 32 34
11 15 16 35 39
2 7 21 25 38
9 11 15 36 39
5 9 15 19 25
5 10 12 14 36
1 15 30 32 37
7 22 26 32 33
5 8 12 16 37
3 5 15 18 38
1 4 11 14 29
7 9 14 22 31
2 5 14 21 38
16 27 29 31 33
2 5 17 18 36
11 17 25 36 39
7 16 28 35 36
3 12 19 34 37
4 12 27 34 36
6 21 25 26 34
4 7 21 22 30
2 7 29 31 35
2 10 21 26 31
3 11 13 16 34
6 16 20 31 37
13 16 28 38 39
15 18 23 24 28
7 11 18 31 35
6 9 12 15 32
20 25 26 27 32
23 26 27 31 37
11 15 26 33 35
3 8 26 30 37
6 8 10 11 12
2 9 14 24 27
9 10 17 19 32
8 12 16 21 27
1 11 16 23 25
1 9 35 36 37
9 10 21 29 30
9 14 20 24 38
8 11 13 17 34
3 7 24 31 34
7 8 11 15 27
8 13 18 35 39
3 6 9 33 36
8 9 18 24 29
11 19 23 29 33
10 15 19 20 39
14 25 34 35 39
14 15 18 25 26
15 18 26 35 38
1 7 8 18 23
1 7 8 16 20
5 15 24 32 38
9 10 11 28 37
8 13 23 25 26
16 23 28 35 39
7 21 23 27 29
3 9 12 15 39
1 5 30 33 38
9 18 23 29 36
4 16 23 24 39
3 8 21 24 28
14 18 20 27 33
7 13 17 19 34
2 10 12 22 24
10 12 15 36 37
10 11 19 36 39
8 18 21 23 24
5 13 16 32 34
6 17 24 28 37
13 16 24 26 28
11 20 26 34 39
12 15 22 25 35
14 29 30 33 37
18 26 29 35 38
11 16 20 31 39
2 3 11 20 23
19 22 25 32 38
1 4 20 27 36
3 10 15 29 35
17 27 28 30 37
21 28 32 35 36
1 7 17 35 37
4 5 11 12 14
2 15 22 26 37
8 20 21 38 39
6 12 18 21 23
9 13 14 25 34
6 14 18 31 33
2 4 19 29 34
5 7 11 13 27
25 29 30 35 38
3 26 32 37 38
8 14 31 34 37
1 2 7 9 10
6 9 15 17 30
8 17 21 35 38
1 11 12 13 14
7 12 23 31 38
1 5 11 20 24
2 4 12 24 33
1 9 23 33 35
3 15 17 20 31
7 25 27 36 39
2 3 7 8 14
2 14 23 28 34
3 7 8 15 25
5 18 20 22 28
4 9 14 33 37
5 11 12 20 26
6 16 20 26 37
6 8 9 18 29
4 6 10 11 12
8 9 11 15 24
8 30 33 38 39
1 2 15 19 28
2 3 16 31 33
15 18 20 27 33
15 17 19 26 37
5 6 7 13 36
3 5 12 16 21
24 25 29 30 33
2 5 8 37 39
4 5 8 21 25
3 8 9 32 36
2 8 13 15 35
7 30 31 37 39
5 17 27 32 33
16 25 29 30 35
2 16 17 23 33
1 10 16 24 33
7 19 20 23 34
8 20 23 27 32
15 21 25 32 38
4 22 23 25 36
1 3 21 27 35
4 6 21 29 37
4 8 21 23 25
8 15 24 33 38
3 6 11 21 37
2 4 11 21 29
5 9 18 26 27
20 27 29 36 37
10 18 20 34 35
2 5 8 14 37
1 10 15 18 23
6 11 16 29 37
11 15 26 28 35
3 7 10 11 28
3 14 28 31 39
27 28 36 37 38
5 9 15 20 28
8 26 34 36 37
4 20 25 30 37
2 5 7 21 31
1 27 30 31 39
15 18 23 25 29
1 4 9 10 22
12 13 15 24 36
1 4 26 34 36
17 22 26 27 38
2 16 19 23 26
14 18 25 26 29
1 15 31 34 39
7 18 31 35 38
25 26 27 29 33
20 24 25 26 33
17 26 27 32 37
8 12 19 34 35
6 21 24 25 31
3 6 11 32 37
11 13 16 33 36
19 24 30 31 36
1 14 21 22 31
1 13 15 24 36
6 16 22 23 38
4 11 17 30 31
8 9 26 35 37
3 7 14 17 39
5 10 19 36 37
3 5 7 15 25
11 16 33 34 36
9 15 30 33 35
2 12 16 34 36
2 11 15 30 36
4 8 14 18 33
17 20 25 29 39
3 16 17 28 32
3 4 17 25 33
5 7 13 14 19
16 17 19 23 24
5 11 30 31 33
19 20 24 31 38
8 9 16 32 38
17 19 20 26 33
5 17 21 27 29
5 11 19 29 32
14 25 30 32 33
6 18 21 25 31
5 10 15 25 28
11 13 14 22 25
2 9 13 21 31
7 18 23 30 34
7 8 30 36 38
2 6 24 26 34
4 16 25 29 30
6 7 30 35 38
3 9 14 23 33